
 -1.33747745   1.67184687  -1.25388515  -3.00932431  -2.08980846 
 -1.33747745   1.67184687  -1.25388515  -3.00932431  -2.08980846 
 -1.33747745   1.67184687  -1.25388515  -3.00932431  -2.08980846 
 -1.33747745   1.67184687  -1.25388515  -3.00932431  -2.08980846 
 -1.33747745   1.67184687  -1.25388515  -3.00932431  -2.08980846 
 -1.33747745   1.67184687  -1.25388515  -3.00932431  -2.08980846 
 -1.33747745   1.67184687  -1.25388515  -3.00932431  -2.08980846 
 -1.33747745   1.67184687  -1.25388515  -3.00932431  -2.08980846 
 -1.33747745   1.67184687  -1.25388515  -3.00932431  -2.08980846 
 -1.33747745   1.67184687  -1.25388515  -3.00932431  -2.08980846 
 -1.33747745   1.67184687  -1.25388515  -3.00932431  -2.08980846 
 -1.33747745   1.67184687  -1.25388515  -3.00932431  -2.08980846 
 -1.33747745   1.67184687  -1.25388515  -3.00932431  -2.08980846 
 -1.33747745   1.67184687  -1.25388515  -3.00932431  -2.08980846 
 -1.33747745   1.67184687  -1.25388515  -3.00932431  -2.08980846 
 -1.33747745   1.67184687  -1.25388515  -3.00932431  -2.08980846 
 -1.33747745   1.67184687  -1.25388515  -3.00932431  -2.08980846 
 -1.33747745   1.67184687  -1.25388515  -3.00932431  -2.08980846 
 -1.33747745   1.67184687  -1.25388515  -3.00932431  -2.08980846 
 -1.33747745   1.67184687  -1.25388515  -3.00932431  -2.08980846 
 -1.33747745   1.67184687  -1.25388515  -3.00932431  -2.08980846 
 -1.25388515   1.75543916  -1.33747745  -3.00932431  -2.08980846 
 -1.33747745   1.67184687  -1.25388515  -3.00932431  -2.08980846 
 -1.33747745   1.67184687  -1.25388515  -3.00932431  -2.08980846 
 -1.33747745   1.67184687  -1.25388515  -3.00932431  -2.08980846 
 -1.33747745   1.67184687  -1.25388515  -3.00932431  -2.08980846 
 -1.33747745   1.67184687  -1.25388515  -3.00932431  -2.08980846 
 -1.33747745   1.67184687  -1.25388515  -3.00932431  -2.08980846 
 -1.33747745   1.67184687  -1.25388515  -3.00932431  -2.08980846 
 -1.33747745   1.67184687  -1.25388515  -3.00932431  -2.08980846 
 -1.33747745   1.67184687  -1.25388515  -3.00932431  -2.08980846 
 -1.33747745   1.67184687  -1.25388515  -3.00932431  -2.08980846 
 -1.33747745   1.67184687  -1.25388515  -3.00932431  -2.08980846 
 -1.33747745   1.67184687  -1.25388515  -3.00932431  -2.08980846 
 -1.33747745   1.67184687  -1.25388515  -3.00932431  -2.08980846 
 -1.33747745   1.67184687  -1.25388515  -3.00932431  -2.08980846 
 -1.33747745   1.67184687  -1.25388515  -3.00932431  -2.08980846 
 -1.33747745   1.67184687  -1.25388515  -3.00932431  -2.08980846 
 -1.33747745   1.67184687  -1.25388515  -3.00932431  -2.08980846 
 -1.33747745   1.67184687  -1.25388515  -3.00932431  -2.08980846 
 -1.33747745   1.67184687  -1.25388515  -3.00932431  -2.08980846 
 -1.33747745   1.67184687  -1.25388515  -3.00932431  -2.08980846 
 -1.33747745   1.67184687  -1.25388515  -3.00932431  -2.08980846 
 -1.33747745   1.67184687  -1.25388515  -3.00932431  -2.08980846 
 -1.33747745   1.67184687  -1.25388515  -3.00932431  -2.08980846 
 -1.33747745   1.67184687  -1.25388515  -3.00932431  -2.08980846 
 -1.33747745   1.67184687  -1.25388515  -3.00932431  -2.08980846 
 -1.33747745   1.67184687  -1.25388515  -3.00932431  -2.08980846 
 -1.33747745   1.67184687  -1.25388515  -3.00932431  -2.08980846 
 -1.33747745   1.83903146  -1.42106974  -3.00932431  -2.17340088 
 -1.33747745   1.67184687  -1.25388515  -3.00932431  -2.08980846 
 -1.33747745   1.67184687  -1.25388515  -3.00932431  -2.08980846 
 -1.33747745   1.67184687  -1.25388515  -3.00932431  -2.08980846 
 -1.33747745   1.67184687  -1.25388515  -3.00932431  -2.08980846 
 -1.33747745   1.67184687  -1.25388515  -3.00932431  -2.08980846 
 -1.33747745   1.67184687  -1.25388515  -3.00932431  -2.08980846 
 -1.33747745   1.67184687  -1.25388515  -3.00932431  -2.08980846 
 -1.33747745   1.67184687  -1.25388515  -3.00932431  -2.08980846 
 -1.42106974   1.58825445  -1.25388515  -3.00932431  -2.00621605 
 -1.33747745   1.67184687  -1.25388515  -3.00932431  -2.08980846 
 -1.33747745   1.67184687  -1.25388515  -3.00932431  -2.08980846 
 -1.33747745   1.67184687  -1.25388515  -3.00932431  -2.08980846 
 -1.33747745   1.67184687  -1.25388515  -3.00932431  -2.08980846 
 -1.33747745   1.67184687  -1.25388515  -3.00932431  -2.08980846 
 -1.33747745   1.67184687  -1.25388515  -3.00932431  -2.08980846 
 -1.33747745   1.67184687  -1.25388515  -3.00932431  -2.08980846 
 -1.33747745   1.67184687  -1.33747745  -3.00932431  -2.08980846 
 -1.33747745   1.67184687  -1.25388515  -3.00932431  -2.08980846 
 -1.33747745   1.67184687  -1.25388515  -3.00932431  -2.08980846 
 -1.33747745   1.67184687  -1.25388515  -3.00932431  -2.08980846 
 -1.33747745   1.67184687  -1.25388515  -3.00932431  -2.08980846 
 -1.33747745   1.67184687  -1.25388515  -3.00932431  -2.08980846 
 -1.33747745   1.67184687  -1.25388515  -3.00932431  -2.08980846 
 -1.33747745   1.67184687  -1.25388515  -3.00932431  -2.08980846 
 -1.33747745   1.67184687  -1.25388515  -3.00932431  -2.08980846 
 -1.33747745   1.67184687  -1.25388515  -3.00932431  -2.08980846 
 -1.33747745   1.67184687  -1.25388515  -3.00932431  -2.08980846 
 -1.33747745   1.67184687  -1.25388515  -3.00932431  -2.08980846 
 -1.33747745   1.67184687  -1.25388515  -3.00932431  -2.08980846 
 -1.33747745   1.67184687  -1.25388515  -3.00932431  -2.08980846 
 -1.33747745   1.67184687  -1.25388515  -3.00932431  -2.08980846 
 -1.33747745   1.67184687  -1.25388515  -3.00932431  -2.08980846 
 -1.33747745   1.67184687  -1.25388515  -3.00932431  -2.08980846 
 -1.33747745   1.67184687  -1.25388515  -3.00932431  -2.08980846 
 -1.33747745   1.67184687  -1.25388515  -3.00932431  -2.08980846 
 -1.33747745   1.67184687  -1.25388515  -3.00932431  -2.08980846 
 -1.33747745   1.67184687  -1.25388515  -3.00932431  -2.08980846 
 -1.33747745   1.67184687  -1.25388515  -3.00932431  -2.08980846 
 -1.42106974   1.50466216  -1.33747745  -2.92573190  -2.00621605 
 -1.33747745   1.67184687  -1.25388515  -3.00932431  -2.08980846 
 -1.33747745   1.67184687  -1.25388515  -3.00932431  -2.08980846 
 -1.33747745   1.67184687  -1.25388515  -3.00932431  -2.08980846 
 -1.33747745   1.67184687  -1.25388515  -3.00932431  -2.08980846 
 -1.33747745   1.67184687  -1.25388515  -3.00932431  -2.08980846 
 -1.33747745   1.67184687  -1.25388515  -3.00932431  -2.08980846 
 -1.33747745   1.67184687  -1.25388515  -3.00932431  -2.08980846 
 -1.33747745   1.67184687  -1.25388515  -3.00932431  -2.08980846 
 -1.33747745   1.67184687  -1.25388515  -3.00932431  -2.08980846 
 -1.33747745   1.67184687  -1.25388515  -3.00932431  -2.08980846 
 -1.33747745   1.67184687  -1.25388515  -3.00932431  -2.08980846 
 -1.33747745   1.67184687  -1.25388515  -3.00932431  -2.08980846 
 -1.33747745   1.67184687  -1.25388515  -3.00932431  -2.08980846 
 -1.33747745   1.67184687  -1.25388515  -3.00932431  -2.08980846 
 -1.33747745   1.67184687  -1.25388515  -3.00932431  -2.08980846 
 -1.33747745   1.67184687  -1.33747745  -2.92573190  -2.08980846 
 -1.33747745   1.67184687  -1.33747745  -3.00932431  -2.08980846 
 -1.33747745   1.67184687  -1.25388515  -3.00932431  -2.08980846 
 -1.33747745   1.67184687  -1.25388515  -3.00932431  -2.08980846 
 -1.33747745   1.67184687  -1.25388515  -3.00932431  -2.08980846 
 -1.33747745   1.67184687  -1.25388515  -3.00932431  -2.08980846 
 -1.33747745   1.50466216  -1.17029274  -3.00932431  -2.17340088 
 -1.33747745   1.67184687  -1.25388515  -3.00932431  -2.08980846 
 -1.33747745   1.67184687  -1.25388515  -3.00932431  -2.08980846 
 -1.33747745   1.67184687  -1.25388515  -3.00932431  -2.08980846 
 -1.33747745   1.58825445  -1.33747745  -2.92573190  -2.00621605 
 -1.25388515   1.67184687  -1.25388515  -3.00932431  -2.08980846 
 -1.33747745   1.67184687  -1.25388515  -3.00932431  -2.08980846 
 -1.33747745   1.67184687  -1.25388515  -3.00932431  -2.08980846 
 -1.33747745   1.67184687  -1.25388515  -3.00932431  -2.08980846 
 -1.33747745   1.67184687  -1.25388515  -3.00932431  -2.08980846 
 -1.33747745   1.67184687  -1.33747745  -3.00932431  -2.08980846 
 -1.33747745   1.67184687  -1.25388515  -3.00932431  -2.08980846 
 -1.33747745   1.67184687  -1.25388515  -3.00932431  -2.08980846 
 -1.33747745   1.67184687  -1.25388515  -3.00932431  -2.08980846 
 -1.33747745   1.67184687  -1.25388515  -3.00932431  -2.08980846 
 -1.25388515   1.67184687  -1.25388515  -3.00932431  -2.08980846 
 -1.33747745   1.67184687  -1.25388515  -3.00932431  -2.08980846 
 -1.33747745   1.67184687  -1.25388515  -3.00932431  -2.08980846 
 -1.33747745   1.67184687  -1.25388515  -3.00932431  -2.08980846 
 -1.33747745   1.67184687  -1.25388515  -3.00932431  -2.08980846 
 -1.33747745   1.67184687  -1.25388515  -3.00932431  -2.08980846 
 -1.33747745   1.67184687  -1.25388515  -3.00932431  -2.08980846 
 -1.33747745   1.67184687  -1.25388515  -3.00932431  -2.08980846 
 -1.33747745   1.67184687  -1.25388515  -3.00932431  -2.08980846 
 -1.33747745   1.67184687  -1.25388515  -3.00932431  -2.08980846 
 -1.33747745   1.67184687  -1.25388515  -3.00932431  -2.08980846 
 -1.33747745   1.67184687  -1.25388515  -3.00932431  -2.08980846 
 -1.33747745   1.67184687  -1.25388515  -3.00932431  -2.08980846 
 -1.33747745   1.67184687  -1.25388515  -3.00932431  -2.08980846 
 -1.33747745   1.67184687  -1.25388515  -3.00932431  -2.08980846 
 -1.33747745   1.67184687  -1.25388515  -3.00932431  -2.08980846 
 -1.33747745   1.67184687  -1.25388515  -3.00932431  -2.08980846 
 -1.33747745   1.67184687  -1.25388515  -3.00932431  -2.08980846 
 -1.33747745   1.67184687  -1.25388515  -3.00932431  -2.08980846 
 -1.33747745   1.67184687  -1.25388515  -3.00932431  -2.08980846 
 -1.33747745   1.67184687  -1.25388515  -3.00932431  -2.08980846 
 -1.33747745   1.67184687  -1.25388515  -3.00932431  -2.08980846 
 -1.33747745   1.67184687  -1.25388515  -3.00932431  -2.08980846 
 -1.33747745   1.67184687  -1.25388515  -3.00932431  -2.08980846 
 -1.33747745   1.67184687  -1.25388515  -3.00932431  -2.08980846 
 -1.33747745   1.67184687  -1.25388515  -3.00932431  -2.08980846 
 -1.33747745   1.67184687  -1.25388515  -3.00932431  -2.08980846 
 -1.33747745   1.67184687  -1.25388515  -3.00932431  -2.08980846 
 -1.33747745   1.67184687  -1.25388515  -3.00932431  -2.08980846 
 -1.33747745   1.67184687  -1.25388515  -3.00932431  -2.08980846 
 -1.33747745   1.67184687  -1.25388515  -3.00932431  -2.08980846 
 -1.33747745   1.67184687  -1.25388515  -3.00932431  -2.08980846 
 -1.33747745   1.67184687  -1.25388515  -3.00932431  -2.08980846 
 -1.42106974   1.67184687  -1.25388515  -3.00932431  -2.00621605 
 -1.33747745   1.67184687  -1.25388515  -3.00932431  -2.08980846 
 -1.33747745   1.67184687  -1.25388515  -3.00932431  -2.08980846 
 -1.33747745   1.67184687  -1.33747745  -3.00932431  -2.08980846 
 -1.33747745   1.67184687  -1.25388515  -3.00932431  -2.08980846 
 -1.33747745   1.67184687  -1.25388515  -3.00932431  -2.08980846 
 -1.33747745   1.67184687  -1.25388515  -3.00932431  -2.08980846 
 -1.33747745   1.50466216  -1.25388515  -3.00932431  -2.08980846 
 -1.33747745   1.67184687  -1.25388515  -3.00932431  -2.08980846 
 -1.33747745   1.67184687  -1.25388515  -3.00932431  -2.08980846 
 -1.33747745   1.67184687  -1.25388515  -3.00932431  -2.08980846 
 -1.33747745   1.67184687  -1.25388515  -3.00932431  -2.08980846 
 -1.33747745   1.67184687  -1.33747745  -3.00932431  -2.08980846 
 -1.33747745   1.67184687  -1.25388515  -3.00932431  -2.08980846 
 -1.33747745   1.67184687  -1.25388515  -3.00932431  -2.08980846 
 -1.25388515   1.67184687  -1.25388515  -2.92573190  -2.08980846 
 -1.33747745   1.67184687  -1.25388515  -3.00932431  -2.08980846 
 -1.33747745   1.58825445  -1.33747745  -2.92573190  -2.00621605 
 -1.33747745   1.67184687  -1.33747745  -3.00932431  -2.08980846 
 -1.33747745   1.67184687  -1.25388515  -3.00932431  -2.08980846 
 -1.33747745   1.67184687  -1.25388515  -3.00932431  -2.08980846 
 -1.33747745   1.67184687  -1.25388515  -3.00932431  -2.08980846 
 -1.33747745   1.67184687  -1.25388515  -3.00932431  -2.08980846 
 -1.33747745   1.67184687  -1.25388515  -3.00932431  -2.08980846 
 -1.33747745   1.75543916  -1.25388515  -3.00932431  -2.08980846 
 -1.33747745   1.67184687  -1.25388515  -3.00932431  -2.08980846 
 -1.33747745   1.67184687  -1.25388515  -3.00932431  -2.08980846 
 -1.33747745   1.67184687  -1.25388515  -3.00932431  -2.08980846 
 -1.33747745   1.67184687  -1.25388515  -3.00932431  -2.08980846 
 -1.33747745   1.67184687  -1.33747745  -2.92573190  -2.08980846 
 -1.33747745   1.67184687  -1.25388515  -3.00932431  -2.08980846 
 -1.33747745   1.67184687  -1.25388515  -3.00932431  -2.08980846 
 -1.33747745   1.67184687  -1.25388515  -3.00932431  -2.08980846 
 -1.33747745   1.67184687  -1.25388515  -3.00932431  -2.08980846 
 -1.33747745   1.67184687  -1.25388515  -3.00932431  -2.08980846 
 -1.33747745   1.67184687  -1.25388515  -3.00932431  -2.08980846 
 -1.25388515   1.67184687  -1.25388515  -3.00932431  -2.17340088 
 -1.33747745   1.67184687  -1.25388515  -3.00932431  -2.08980846 
 -1.33747745   1.67184687  -1.33747745  -3.00932431  -2.08980846 
 -1.33747745   1.67184687  -1.25388515  -3.00932431  -2.08980846 
 -1.33747745   1.67184687  -1.25388515  -3.00932431  -2.08980846 
 -1.33747745   1.67184687  -1.25388515  -3.00932431  -2.08980846 
 -1.33747745   1.67184687  -1.25388515  -3.00932431  -2.08980846 
 -1.33747745   1.67184687  -1.33747745  -3.00932431  -2.08980846 
 -1.33747745   1.67184687  -1.25388515  -3.00932431  -2.08980846 
 -1.33747745   1.67184687  -1.25388515  -3.00932431  -2.08980846 
 -1.33747745   1.67184687  -1.25388515  -3.00932431  -2.08980846 
 -1.33747745   1.58825445  -1.25388515  -3.00932431  -2.08980846 
 -1.33747745   1.67184687  -1.25388515  -3.00932431  -2.08980846 
 -1.33747745   1.67184687  -1.25388515  -3.00932431  -2.08980846 
 -1.33747745   1.67184687  -1.25388515  -3.00932431  -2.08980846 
 -1.33747745   1.67184687  -1.25388515  -3.00932431  -2.08980846 
 -1.33747745   1.67184687  -1.33747745  -3.00932431  -2.08980846 
 -1.33747745   1.67184687  -1.25388515  -3.00932431  -2.08980846 
 -1.33747745   1.67184687  -1.25388515  -3.00932431  -2.08980846 
 -1.33747745   1.67184687  -1.25388515  -3.00932431  -2.08980846 
 -1.33747745   1.67184687  -1.25388515  -3.00932431  -2.08980846 
 -1.33747745   1.67184687  -1.25388515  -3.00932431  -2.08980846 
 -1.33747745   1.67184687  -1.25388515  -3.00932431  -2.08980846 
 -1.33747745   1.67184687  -1.25388515  -3.00932431  -2.08980846 
 -1.33747745   1.67184687  -1.25388515  -3.00932431  -2.08980846 
 -1.33747745   1.67184687  -1.33747745  -3.00932431  -2.08980846 
 -1.25388515   1.58825445  -1.25388515  -2.92573190  -2.17340088 
 -1.33747745   1.67184687  -1.25388515  -3.00932431  -2.08980846 
 -1.33747745   1.67184687  -1.25388515  -3.00932431  -2.08980846 
 -1.33747745   1.67184687  -1.25388515  -3.00932431  -2.08980846 
 -1.33747745   1.67184687  -1.25388515  -3.00932431  -2.08980846 
 -1.33747745   1.67184687  -1.25388515  -3.00932431  -2.08980846 
 -1.33747745   1.67184687  -1.25388515  -3.00932431  -2.08980846 
 -1.33747745   1.67184687  -1.25388515  -3.00932431  -2.08980846 
 -1.33747745   1.67184687  -1.25388515  -3.00932431  -2.08980846 
 -1.33747745   1.67184687  -1.25388515  -3.00932431  -2.08980846 
 -1.33747745   1.67184687  -1.25388515  -3.00932431  -2.08980846 
 -1.33747745   1.67184687  -1.25388515  -3.00932431  -2.08980846 
 -1.33747745   1.67184687  -1.25388515  -3.00932431  -2.08980846 
 -1.33747745   1.67184687  -1.25388515  -3.00932431  -2.08980846 
 -1.42106974   1.50466216  -1.25388515  -2.84213948  -2.08980846 
 -1.25388515   1.58825445  -1.33747745  -3.00932431  -2.00621605 
 -1.33747745   1.67184687  -1.25388515  -3.00932431  -2.08980846 
 -1.33747745   1.67184687  -1.25388515  -3.00932431  -2.08980846 
 -1.33747745   1.67184687  -1.25388515  -3.00932431  -2.08980846 
 -1.33747745   1.67184687  -1.25388515  -3.00932431  -2.08980846 
 -1.33747745   1.67184687  -1.25388515  -3.00932431  -2.08980846 
 -1.33747745   1.67184687  -1.25388515  -3.00932431  -2.08980846 
 -1.33747745   1.67184687  -1.25388515  -3.00932431  -2.08980846 
 -1.33747745   1.67184687  -1.25388515  -3.00932431  -2.08980846 
 -1.33747745   1.67184687  -1.25388515  -3.00932431  -2.08980846 
 -1.33747745   1.67184687  -1.25388515  -3.00932431  -2.08980846 
 -1.33747745   1.67184687  -1.25388515  -3.00932431  -2.08980846 
 -1.33747745   1.67184687  -1.25388515  -3.00932431  -2.08980846 
 -1.33747745   1.67184687  -1.25388515  -3.00932431  -2.08980846 
 -1.33747745   1.67184687  -1.25388515  -3.00932431  -2.08980846 
 -1.33747745   1.67184687  -1.25388515  -3.00932431  -2.08980846 
 -1.33747745   1.67184687  -1.25388515  -3.00932431  -2.08980846 
 -1.33747745   1.67184687  -1.25388515  -3.00932431  -2.08980846 
 -1.33747745   1.67184687  -1.25388515  -3.00932431  -2.08980846 
 -1.33747745   1.67184687  -1.25388515  -3.00932431  -2.08980846 
 -1.33747745   1.67184687  -1.25388515  -3.00932431  -2.08980846 
 -1.33747745   1.67184687  -1.25388515  -3.00932431  -2.08980846 
 -1.33747745   1.67184687  -1.25388515  -3.00932431  -2.08980846 
 -1.25388515   1.58825445  -1.42106974  -2.92573190  -2.08980846 
 -1.42106974   1.50466216  -1.17029274  -3.00932431  -2.08980846 
 -1.33747745   1.67184687  -1.25388515  -3.00932431  -2.08980846 
 -1.33747745   1.67184687  -1.25388515  -3.00932431  -2.08980846 
 -1.33747745   1.67184687  -1.25388515  -3.00932431  -2.08980846 
 -1.33747745   1.67184687  -1.25388515  -3.00932431  -2.08980846 
 -1.33747745   1.67184687  -1.25388515  -3.00932431  -2.08980846 
 -1.33747745   1.67184687  -1.25388515  -3.00932431  -2.08980846 
 -1.33747745   1.67184687  -1.25388515  -3.00932431  -2.08980846 
 -1.33747745   1.67184687  -1.25388515  -3.00932431  -2.08980846 
 -1.33747745   1.67184687  -1.25388515  -3.00932431  -2.08980846 
 -1.33747745   1.67184687  -1.25388515  -3.00932431  -2.08980846 
 -1.25388515   1.58825445  -1.25388515  -3.00932431  -2.08980846 
 -1.33747745   1.67184687  -1.25388515  -3.00932431  -2.08980846 
 -1.33747745   1.67184687  -1.25388515  -3.00932431  -2.08980846 
 -1.33747745   1.50466216  -1.33747745  -2.92573190  -1.92262387 
 -1.33747745   1.67184687  -1.25388515  -3.00932431  -2.08980846 
 -1.33747745   1.67184687  -1.25388515  -3.00932431  -2.08980846 
 -1.33747745   1.67184687  -1.25388515  -3.00932431  -2.08980846 
 -1.33747745   1.67184687  -1.25388515  -3.00932431  -2.08980846 
 -1.33747745   1.67184687  -1.25388515  -3.00932431  -2.08980846 
 -1.33747745   1.67184687  -1.25388515  -3.00932431  -2.08980846 
 -1.33747745   1.67184687  -1.25388515  -3.00932431  -2.08980846 
 -1.33747745   1.67184687  -1.33747745  -3.00932431  -2.08980846 
 -1.33747745   1.67184687  -1.25388515  -3.00932431  -2.08980846 
 -1.33747745   1.67184687  -1.25388515  -3.00932431  -2.08980846 
 -1.33747745   1.67184687  -1.25388515  -3.00932431  -2.08980846 
 -1.33747745   1.67184687  -1.25388515  -3.00932431  -2.08980846 
 -1.33747745   1.67184687  -1.25388515  -3.00932431  -2.08980846 
 -1.33747745   1.67184687  -1.25388515  -3.00932431  -2.08980846 
 -1.33747745   1.67184687  -1.25388515  -3.00932431  -2.08980846 
 -1.33747745   1.67184687  -1.25388515  -3.00932431  -2.08980846 
 -1.33747745   1.50466216  -1.33747745  -2.84213948  -2.17340088 
 -1.33747745   1.67184687  -1.25388515  -3.00932431  -2.08980846 
 -1.33747745   1.67184687  -1.25388515  -3.00932431  -2.08980846 
 -1.33747745   1.67184687  -1.25388515  -3.00932431  -2.08980846 
 -1.33747745   1.67184687  -1.25388515  -3.00932431  -2.08980846 
 -1.33747745   1.67184687  -1.25388515  -3.00932431  -2.08980846 
 -1.33747745   1.67184687  -1.25388515  -3.00932431  -2.08980846 
 -1.33747745   1.67184687  -1.25388515  -3.00932431  -2.08980846 
 -1.33747745   1.67184687  -1.25388515  -3.00932431  -2.08980846 
 -1.33747745   1.67184687  -1.25388515  -3.00932431  -2.08980846 
 -1.33747745   1.67184687  -1.25388515  -3.00932431  -2.08980846 
 -1.33747745   1.67184687  -1.25388515  -3.00932431  -2.08980846 
 -1.33747745   1.67184687  -1.25388515  -3.00932431  -2.08980846 
 -1.33747745   1.67184687  -1.25388515  -3.00932431  -2.08980846 
 -1.33747745   1.67184687  -1.25388515  -3.00932431  -2.08980846 
 -1.33747745   1.67184687  -1.25388515  -3.00932431  -2.08980846 
 -1.33747745   1.67184687  -1.25388515  -3.00932431  -2.08980846 
 -1.33747745   1.67184687  -1.25388515  -3.00932431  -2.08980846 
 -1.33747745   1.67184687  -1.25388515  -3.00932431  -2.08980846 
 -1.33747745   1.67184687  -1.25388515  -3.00932431  -2.08980846 
 -1.33747745   1.67184687  -1.25388515  -3.00932431  -2.08980846 
 -1.33747745   1.67184687  -1.25388515  -3.00932431  -2.08980846 
 -1.33747745   1.67184687  -1.25388515  -3.00932431  -2.08980846 
 -1.33747745   1.67184687  -1.25388515  -3.00932431  -2.08980846 
 -1.33747745   1.67184687  -1.25388515  -3.00932431  -2.08980846 
 -1.33747745   1.67184687  -1.25388515  -3.00932431  -2.08980846 
 -1.33747745   1.67184687  -1.25388515  -3.00932431  -2.08980846 
 -1.33747745   1.67184687  -1.25388515  -3.00932431  -2.08980846 
 -1.33747745   1.67184687  -1.25388515  -3.00932431  -2.08980846 
 -1.33747745   1.67184687  -1.25388515  -3.00932431  -2.08980846 
 -1.33747745   1.67184687  -1.25388515  -3.00932431  -2.08980846 
 -1.33747745   1.67184687  -1.25388515  -3.00932431  -2.08980846 
 -1.33747745   1.67184687  -1.25388515  -3.00932431  -2.08980846 
 -1.33747745   1.67184687  -1.25388515  -3.00932431  -2.08980846 
 -1.33747745   1.67184687  -1.25388515  -3.00932431  -2.08980846 
 -1.33747745   1.67184687  -1.25388515  -3.00932431  -2.08980846 
 -1.33747745   1.67184687  -1.25388515  -3.00932431  -2.08980846 
 -1.33747745   1.58825445  -1.25388515  -3.00932431  -2.08980846 
 -1.33747745   1.67184687  -1.25388515  -3.00932431  -2.08980846 
 -1.33747745   1.67184687  -1.25388515  -3.00932431  -2.08980846 
 -1.33747745   1.67184687  -1.25388515  -3.00932431  -2.08980846 
 -1.33747745   1.67184687  -1.25388515  -3.00932431  -2.08980846 
 -1.33747745   1.67184687  -1.25388515  -3.00932431  -2.08980846 
 -1.33747745   1.67184687  -1.25388515  -3.00932431  -2.08980846 
 -1.33747745   1.67184687  -1.25388515  -3.00932431  -2.08980846 
 -1.33747745   1.67184687  -1.25388515  -3.00932431  -2.08980846 
 -1.33747745   1.67184687  -1.25388515  -3.00932431  -2.08980846 
 -1.33747745   1.67184687  -1.25388515  -3.00932431  -2.08980846 
 -1.33747745   1.58825445  -1.33747745  -2.84213948  -2.08980846 
 -1.33747745   1.67184687  -1.25388515  -3.00932431  -2.08980846 
 -1.33747745   1.67184687  -1.25388515  -3.00932431  -2.08980846 
 -1.33747745   1.67184687  -1.25388515  -3.00932431  -2.08980846 
 -1.33747745   1.67184687  -1.25388515  -3.00932431  -2.08980846 
 -1.33747745   1.67184687  -1.25388515  -3.00932431  -2.08980846 
 -1.33747745   1.67184687  -1.25388515  -3.00932431  -2.08980846 
 -1.33747745   1.58825445  -1.33747745  -3.00932431  -2.00621605 
 -1.33747745   1.67184687  -1.33747745  -3.00932431  -2.08980846 
 -1.33747745   1.67184687  -1.25388515  -3.00932431  -2.08980846 
 -1.25388515   1.67184687  -1.25388515  -3.17650890  -2.17340088 
 -1.33747745   1.67184687  -1.25388515  -3.00932431  -2.08980846 
 -1.33747745   1.67184687  -1.25388515  -3.00932431  -2.08980846 
 -1.33747745   1.67184687  -1.25388515  -3.00932431  -2.08980846 
 -1.33747745   1.67184687  -1.25388515  -3.00932431  -2.08980846 
 -1.33747745   1.67184687  -1.25388515  -3.00932431  -2.08980846 
 -1.33747745   1.67184687  -1.25388515  -3.00932431  -2.08980846 
 -1.17029274   1.50466216  -1.33747745  -3.00932431  -2.08980846 
 -1.33747745   1.67184687  -1.25388515  -3.00932431  -2.08980846 
 -1.33747745   1.67184687  -1.25388515  -3.00932431  -2.08980846 
 -1.33747745   1.75543916  -1.33747745  -3.09291649  -2.00621605 
 -1.33747745   1.67184687  -1.25388515  -3.00932431  -2.08980846 
 -1.33747745   1.67184687  -1.25388515  -3.00932431  -2.08980846 
 -1.33747745   1.67184687  -1.25388515  -3.00932431  -2.08980846 
 -1.33747745   1.67184687  -1.25388515  -3.00932431  -2.08980846 
 -1.33747745   1.67184687  -1.25388515  -3.00932431  -2.08980846 
 -1.33747745   1.67184687  -1.25388515  -3.00932431  -2.08980846 
 -1.33747745   1.67184687  -1.25388515  -3.00932431  -2.08980846 
 -1.33747745   1.67184687  -1.25388515  -3.00932431  -2.08980846 
 -1.33747745   1.67184687  -1.25388515  -3.00932431  -2.08980846 
 -1.33747745   1.67184687  -1.25388515  -3.00932431  -2.08980846 
 -1.33747745   1.67184687  -1.25388515  -3.00932431  -2.08980846 
 -1.33747745   1.67184687  -1.25388515  -3.00932431  -2.08980846 
 -1.33747745   1.67184687  -1.25388515  -3.00932431  -2.08980846 
 -1.33747745   1.67184687  -1.25388515  -3.00932431  -2.08980846 
 -1.33747745   1.67184687  -1.25388515  -3.00932431  -2.08980846 
 -1.33747745   1.67184687  -1.25388515  -3.00932431  -2.08980846 
 -1.33747745   1.75543916  -1.33747745  -3.00932431  -2.08980846 
 -1.33747745   1.67184687  -1.25388515  -3.00932431  -2.08980846 
 -1.33747745   1.67184687  -1.25388515  -3.00932431  -2.08980846 
 -1.33747745   1.67184687  -1.25388515  -3.00932431  -2.08980846 
 -1.33747745   1.67184687  -1.25388515  -3.00932431  -2.08980846 
 -1.33747745   1.67184687  -1.25388515  -3.00932431  -2.08980846 
 -1.33747745   1.67184687  -1.25388515  -3.00932431  -2.08980846 
 -1.33747745   1.67184687  -1.25388515  -3.00932431  -2.08980846 
 -1.33747745   1.67184687  -1.25388515  -3.00932431  -2.08980846 
 -1.33747745   1.58825445  -1.33747745  -3.00932431  -2.00621605 
 -1.33747745   1.67184687  -1.25388515  -3.00932431  -2.08980846 
 -1.33747745   1.67184687  -1.25388515  -3.00932431  -2.08980846 
 -1.33747745   1.67184687  -1.25388515  -3.00932431  -2.08980846 
 -1.33747745   1.67184687  -1.25388515  -3.00932431  -2.08980846 
 -1.33747745   1.67184687  -1.25388515  -3.00932431  -2.08980846 
 -1.33747745   1.67184687  -1.25388515  -3.00932431  -2.08980846 
 -1.33747745   1.67184687  -1.25388515  -3.00932431  -2.08980846 
 -1.33747745   1.67184687  -1.25388515  -3.00932431  -2.08980846 
 -1.33747745   1.67184687  -1.25388515  -3.00932431  -2.08980846 
 -1.33747745   1.67184687  -1.25388515  -3.00932431  -2.08980846 
 -1.33747745   1.67184687  -1.25388515  -3.00932431  -2.08980846 
 -1.33747745   1.67184687  -1.25388515  -3.09291649  -2.00621605 
 -1.33747745   1.67184687  -1.25388515  -3.00932431  -2.08980846 
 -1.33747745   1.67184687  -1.25388515  -3.00932431  -2.08980846 
 -1.33747745   1.67184687  -1.25388515  -3.00932431  -2.08980846 
 -1.33747745   1.67184687  -1.25388515  -3.00932431  -2.08980846 
 -1.33747745   1.67184687  -1.25388515  -3.00932431  -2.08980846 
 -1.33747745   1.67184687  -1.25388515  -3.00932431  -2.08980846 
 -1.33747745   1.67184687  -1.25388515  -3.00932431  -2.08980846 
 -1.33747745   1.67184687  -1.25388515  -3.00932431  -2.08980846 
 -1.33747745   1.67184687  -1.25388515  -3.00932431  -2.08980846 
 -1.33747745   1.67184687  -1.33747745  -3.00932431  -2.08980846 
 -1.33747745   1.67184687  -1.25388515  -3.00932431  -2.08980846 
 -1.33747745   1.67184687  -1.33747745  -3.00932431  -2.08980846 
 -1.33747745   1.67184687  -1.25388515  -3.00932431  -2.08980846 
 -1.33747745   1.67184687  -1.25388515  -3.00932431  -2.08980846 
 -1.33747745   1.67184687  -1.25388515  -3.00932431  -2.08980846 
 -1.33747745   1.67184687  -1.25388515  -3.00932431  -2.08980846 
 -1.33747745   1.67184687  -1.25388515  -3.00932431  -2.08980846 
 -1.33747745   1.67184687  -1.25388515  -3.00932431  -2.08980846 
 -1.33747745   1.67184687  -1.25388515  -3.00932431  -2.08980846 
 -1.33747745   1.67184687  -1.25388515  -3.00932431  -2.08980846 
 -1.33747745   1.67184687  -1.25388515  -3.00932431  -2.08980846 
 -1.33747745   1.67184687  -1.25388515  -3.00932431  -2.08980846 
 -1.33747745   1.67184687  -1.25388515  -3.00932431  -2.08980846 
 -1.33747745   1.67184687  -1.25388515  -3.00932431  -2.08980846 
 -1.33747745   1.67184687  -1.33747745  -3.00932431  -2.00621605 
 -1.33747745   1.67184687  -1.25388515  -3.00932431  -2.08980846 
 -1.33747745   1.67184687  -1.25388515  -3.00932431  -2.08980846 
 -1.33747745   1.67184687  -1.25388515  -3.00932431  -2.08980846 
 -1.33747745   1.67184687  -1.33747745  -3.00932431  -2.08980846 
 -1.33747745   1.67184687  -1.25388515  -3.00932431  -2.08980846 
 -1.33747745   1.67184687  -1.25388515  -3.00932431  -2.08980846 
 -1.33747745   1.67184687  -1.25388515  -3.00932431  -2.08980846 
 -1.33747745   1.67184687  -1.25388515  -3.00932431  -2.08980846 
 -1.33747745   1.67184687  -1.25388515  -3.00932431  -2.08980846 
 -1.33747745   1.67184687  -1.25388515  -3.00932431  -2.08980846 
 -1.33747745   1.67184687  -1.25388515  -3.00932431  -2.08980846 
 -1.33747745   1.67184687  -1.25388515  -3.00932431  -2.08980846 
 -1.33747745   1.67184687  -1.25388515  -3.00932431  -2.08980846 
 -1.33747745   1.67184687  -1.25388515  -3.00932431  -2.08980846 
 -1.33747745   1.67184687  -1.25388515  -3.00932431  -2.08980846 
 -1.33747745   1.67184687  -1.25388515  -3.00932431  -2.08980846 
 -1.33747745   1.67184687  -1.25388515  -3.00932431  -2.08980846 
 -1.33747745   1.67184687  -1.25388515  -3.00932431  -2.08980846 
 -1.33747745   1.67184687  -1.25388515  -3.00932431  -2.08980846 
 -1.33747745   1.67184687  -1.25388515  -3.00932431  -2.08980846 
 -1.33747745   1.67184687  -1.25388515  -3.00932431  -2.08980846 
 -1.33747745   1.67184687  -1.25388515  -3.00932431  -2.08980846 
 -1.33747745   1.67184687  -1.25388515  -3.00932431  -2.08980846 
 -1.33747745   1.67184687  -1.25388515  -3.00932431  -2.08980846 
 -1.33747745   1.67184687  -1.25388515  -3.00932431  -2.08980846 
 -1.33747745   1.67184687  -1.25388515  -3.00932431  -2.08980846 
 -1.33747745   1.67184687  -1.25388515  -3.00932431  -2.08980846 
 -1.33747745   1.67184687  -1.25388515  -3.00932431  -2.08980846 
 -1.33747745   1.67184687  -1.25388515  -3.00932431  -2.08980846 
 -1.25388515   1.58825445  -1.25388515  -2.92573190  -2.17340088 
 -1.33747745   1.67184687  -1.25388515  -3.00932431  -2.08980846 
 -1.33747745   1.67184687  -1.25388515  -3.00932431  -2.08980846 
 -1.42106974   1.42106974  -1.17029274  -3.00932431  -2.08980846 
 -1.33747745   1.67184687  -1.25388515  -3.00932431  -2.08980846 
 -1.33747745   1.67184687  -1.25388515  -3.00932431  -2.08980846 
 -1.33747745   1.67184687  -1.25388515  -3.00932431  -2.08980846 
 -1.33747745   1.67184687  -1.25388515  -3.00932431  -2.08980846 
 -1.33747745   1.67184687  -1.25388515  -2.92573190  -2.08980846 
 -1.33747745   1.67184687  -1.25388515  -3.00932431  -2.08980846 
 -1.33747745   1.67184687  -1.25388515  -3.00932431  -2.08980846 
 -1.33747745   1.67184687  -1.25388515  -3.00932431  -2.08980846 
 -1.33747745   1.67184687  -1.25388515  -3.00932431  -2.17340088 
 -1.33747745   1.67184687  -1.25388515  -3.00932431  -2.08980846 
 -1.33747745   1.58825445  -1.17029274  -3.00932431  -2.08980846 
 -1.33747745   1.67184687  -1.25388515  -3.00932431  -2.08980846 
 -1.33747745   1.67184687  -1.33747745  -3.00932431  -2.08980846 
 -1.33747745   1.67184687  -1.25388515  -3.00932431  -2.08980846 
 -1.33747745   1.67184687  -1.25388515  -3.00932431  -2.08980846 
 -1.33747745   1.75543916  -1.33747745  -3.09291649  -2.00621605 
 -1.33747745   1.67184687  -1.25388515  -3.00932431  -2.08980846 
 -1.33747745   1.67184687  -1.25388515  -3.00932431  -2.08980846 
 -1.33747745   1.67184687  -1.25388515  -3.00932431  -2.08980846 
 -1.42106974   1.67184687  -1.33747745  -2.92573190  -2.08980846 
 -1.33747745   1.67184687  -1.25388515  -3.00932431  -2.08980846 
 -1.33747745   1.67184687  -1.25388515  -3.00932431  -2.08980846 
 -1.33747745   1.67184687  -1.25388515  -3.00932431  -2.08980846 
 -1.33747745   1.67184687  -1.25388515  -3.00932431  -2.08980846 
 -1.33747745   1.67184687  -1.25388515  -3.00932431  -2.08980846 
 -1.33747745   1.67184687  -1.25388515  -3.00932431  -2.08980846 
 -1.33747745   1.67184687  -1.25388515  -3.00932431  -2.08980846 
 -1.33747745   1.67184687  -1.25388515  -3.00932431  -2.08980846 
 -1.33747745   1.67184687  -1.33747745  -2.92573190  -2.08980846 
 -1.33747745   1.67184687  -1.25388515  -3.00932431  -2.08980846 
 -1.33747745   1.67184687  -1.25388515  -3.00932431  -2.08980846 
 -1.33747745   1.67184687  -1.25388515  -3.00932431  -2.08980846 
 -1.33747745   1.67184687  -1.25388515  -3.00932431  -2.08980846 
 -1.33747745   1.67184687  -1.25388515  -3.00932431  -2.08980846 
 -1.33747745   1.67184687  -1.25388515  -3.00932431  -2.08980846 
 -1.33747745   1.67184687  -1.25388515  -3.00932431  -2.08980846 
 -1.33747745   1.67184687  -1.25388515  -3.00932431  -2.08980846 
 -1.33747745   1.67184687  -1.25388515  -3.00932431  -2.08980846 
 -1.33747745   1.67184687  -1.25388515  -3.00932431  -2.08980846 
 -1.33747745   1.67184687  -1.25388515  -3.00932431  -2.08980846 
 -1.33747745   1.67184687  -1.25388515  -3.00932431  -2.08980846 
 -1.33747745   1.67184687  -1.25388515  -3.00932431  -2.08980846 
 -1.33747745   1.67184687  -1.25388515  -3.00932431  -2.08980846 
 -1.33747745   1.67184687  -1.25388515  -3.00932431  -2.08980846 
 -1.42106974   1.67184687  -1.42106974  -2.92573190  -2.00621605 
 -1.33747745   1.67184687  -1.25388515  -3.00932431  -2.08980846 
 -1.33747745   1.67184687  -1.25388515  -3.00932431  -2.08980846 
 -1.33747745   1.67184687  -1.25388515  -3.00932431  -2.08980846 
 -1.33747745   1.67184687  -1.25388515  -3.00932431  -2.08980846 
 -1.33747745   1.67184687  -1.25388515  -3.00932431  -2.08980846 
 -1.33747745   1.67184687  -1.25388515  -3.00932431  -2.08980846 
 -1.33747745   1.67184687  -1.25388515  -3.00932431  -2.08980846 
 -1.33747745   1.67184687  -1.25388515  -3.00932431  -2.08980846 
 -1.33747745   1.67184687  -1.25388515  -3.00932431  -2.08980846 
 -1.33747745   1.58825445  -1.25388515  -3.00932431  -2.08980846 
 -1.33747745   1.75543916  -1.33747745  -3.00932431  -2.08980846 
 -1.33747745   1.67184687  -1.25388515  -3.00932431  -2.08980846 
 -1.33747745   1.67184687  -1.25388515  -3.00932431  -2.08980846 
 -1.33747745   1.67184687  -1.33747745  -3.00932431  -2.08980846 
 -1.33747745   1.67184687  -1.25388515  -3.00932431  -2.08980846 
 -1.33747745   1.67184687  -1.25388515  -3.00932431  -2.08980846 
 -1.33747745   1.67184687  -1.25388515  -3.00932431  -2.08980846 
 -1.33747745   1.67184687  -1.25388515  -3.00932431  -2.08980846 
 -1.33747745   1.67184687  -1.25388515  -3.00932431  -2.08980846 
 -1.33747745   1.67184687  -1.25388515  -3.00932431  -2.08980846 
 -1.33747745   1.67184687  -1.25388515  -3.00932431  -2.08980846 
 -1.33747745   1.67184687  -1.25388515  -3.00932431  -2.08980846 
 -1.33747745   1.67184687  -1.25388515  -3.00932431  -2.08980846 
 -1.33747745   1.67184687  -1.25388515  -3.00932431  -2.08980846 
 -1.33747745   1.67184687  -1.25388515  -3.00932431  -2.08980846 
 -1.33747745   1.67184687  -1.25388515  -3.00932431  -2.08980846 
 -1.33747745   1.67184687  -1.25388515  -3.00932431  -2.08980846 
 -1.33747745   1.67184687  -1.25388515  -3.00932431  -2.08980846 
 -1.33747745   1.67184687  -1.25388515  -3.00932431  -2.08980846 
 -1.33747745   1.67184687  -1.25388515  -3.00932431  -2.08980846 
 -1.33747745   1.67184687  -1.25388515  -3.00932431  -2.08980846 
 -1.33747745   1.67184687  -1.25388515  -3.00932431  -2.08980846 
 -1.33747745   1.67184687  -1.25388515  -3.00932431  -2.08980846 
 -1.33747745   1.67184687  -1.25388515  -3.00932431  -2.08980846 
 -1.33747745   1.67184687  -1.25388515  -3.00932431  -2.08980846 
 -1.33747745   1.58825445  -1.33747745  -2.84213948  -2.08980846 
 -1.33747745   1.67184687  -1.25388515  -3.00932431  -2.08980846 
 -1.33747745   1.67184687  -1.25388515  -3.00932431  -2.08980846 
 -1.33747745   1.67184687  -1.25388515  -3.00932431  -2.08980846 
 -1.33747745   1.67184687  -1.25388515  -3.00932431  -2.08980846 
 -1.33747745   1.58825445  -1.25388515  -3.00932431  -2.08980846 
 -1.33747745   1.67184687  -1.25388515  -3.00932431  -2.08980846 
 -1.33747745   1.67184687  -1.25388515  -3.00932431  -2.08980846 
 -1.33747745   1.67184687  -1.25388515  -3.00932431  -2.08980846 
 -1.33747745   1.75543916  -1.33747745  -2.92573190  -2.08980846 
 -1.33747745   1.67184687  -1.25388515  -3.00932431  -2.08980846 
 -1.33747745   1.67184687  -1.25388515  -3.00932431  -2.08980846 
 -1.33747745   1.67184687  -1.25388515  -3.00932431  -2.08980846 
 -1.33747745   1.67184687  -1.25388515  -3.00932431  -2.08980846 
 -1.33747745   1.67184687  -1.25388515  -3.00932431  -2.08980846 
 -1.33747745   1.67184687  -1.25388515  -3.00932431  -2.08980846 
 -1.33747745   1.67184687  -1.25388515  -3.00932431  -2.08980846 
 -1.33747745   1.67184687  -1.25388515  -3.00932431  -2.08980846 
 -1.33747745   1.67184687  -1.25388515  -3.00932431  -2.08980846 
 -1.33747745   1.67184687  -1.25388515  -3.00932431  -2.08980846 
 -1.33747745   1.67184687  -1.25388515  -3.00932431  -2.08980846 
 -1.33747745   1.67184687  -1.25388515  -3.00932431  -2.08980846 
 -1.33747745   1.67184687  -1.25388515  -3.00932431  -2.08980846 
 -1.33747745   1.67184687  -1.25388515  -3.00932431  -2.08980846 
 -1.33747745   1.67184687  -1.25388515  -3.00932431  -2.08980846 
 -1.33747745   1.67184687  -1.25388515  -3.00932431  -2.08980846 
 -1.33747745   1.67184687  -1.25388515  -3.00932431  -2.08980846 
 -1.33747745   1.67184687  -1.25388515  -3.00932431  -2.00621605 
 -1.33747745   1.67184687  -1.25388515  -3.00932431  -2.08980846 
 -1.33747745   1.67184687  -1.25388515  -3.00932431  -2.08980846 
 -1.33747745   1.67184687  -1.25388515  -3.00932431  -2.08980846 
 -1.33747745   1.67184687  -1.25388515  -3.00932431  -2.08980846 
 -1.33747745   1.67184687  -1.25388515  -3.00932431  -2.08980846 
 -1.33747745   1.67184687  -1.25388515  -3.00932431  -2.08980846 
 -1.33747745   1.67184687  -1.25388515  -3.00932431  -2.08980846 
 -1.33747745   1.67184687  -1.25388515  -3.00932431  -2.08980846 
 -1.33747745   1.67184687  -1.25388515  -3.00932431  -2.08980846 
 -1.33747745   1.67184687  -1.25388515  -3.00932431  -2.08980846 
 -1.33747745   1.67184687  -1.25388515  -3.00932431  -2.08980846 
 -1.33747745   1.67184687  -1.25388515  -3.00932431  -2.08980846 
 -1.33747745   1.67184687  -1.25388515  -3.00932431  -2.08980846 
 -1.33747745   1.67184687  -1.25388515  -3.00932431  -2.08980846 
 -1.33747745   1.67184687  -1.25388515  -3.00932431  -2.08980846 
 -1.33747745   1.67184687  -1.25388515  -3.00932431  -2.08980846 
 -1.33747745   1.67184687  -1.25388515  -3.00932431  -2.08980846 
 -1.33747745   1.67184687  -1.25388515  -3.00932431  -2.08980846 
 -1.33747745   1.67184687  -1.25388515  -3.00932431  -2.08980846 
 -1.33747745   1.67184687  -1.25388515  -3.00932431  -2.08980846 
 -1.33747745   1.67184687  -1.25388515  -3.00932431  -2.08980846 
 -1.33747745   1.67184687  -1.25388515  -3.00932431  -2.08980846 
 -1.33747745   1.58825445  -1.33747745  -3.00932431  -2.00621605 
 -1.33747745   1.67184687  -1.25388515  -3.00932431  -2.08980846 
 -1.33747745   1.67184687  -1.25388515  -3.00932431  -2.08980846 
 -1.33747745   1.67184687  -1.25388515  -3.00932431  -2.08980846 
 -1.33747745   1.67184687  -1.33747745  -3.00932431  -2.08980846 
 -1.33747745   1.67184687  -1.25388515  -3.00932431  -2.08980846 
 -1.33747745   1.67184687  -1.25388515  -3.00932431  -2.08980846 
 -1.33747745   1.58825445  -1.33747745  -2.92573190  -2.08980846 
 -1.25388515   1.50466216  -1.25388515  -3.00932431  -2.08980846 
 -1.33747745   1.67184687  -1.25388515  -3.00932431  -2.08980846 
 -1.33747745   1.67184687  -1.25388515  -3.00932431  -2.08980846 
 -1.33747745   1.67184687  -1.25388515  -3.00932431  -2.08980846 
 -1.33747745   1.67184687  -1.25388515  -3.00932431  -2.08980846 
 -1.33747745   1.67184687  -1.25388515  -3.00932431  -2.08980846 
 -1.33747745   1.67184687  -1.25388515  -3.00932431  -2.08980846 
 -1.33747745   1.67184687  -1.25388515  -3.00932431  -2.08980846 
 -1.33747745   1.67184687  -1.25388515  -3.00932431  -2.08980846 
 -1.33747745   1.67184687  -1.25388515  -3.00932431  -2.08980846 
 -1.33747745   1.67184687  -1.25388515  -3.00932431  -2.08980846 
 -1.33747745   1.67184687  -1.25388515  -3.00932431  -2.08980846 
 -1.33747745   1.67184687  -1.25388515  -3.00932431  -2.08980846 
 -1.42106974   1.67184687  -1.25388515  -2.92573190  -2.08980846 
 -1.33747745   1.67184687  -1.25388515  -3.00932431  -2.08980846 
 -1.33747745   1.67184687  -1.25388515  -3.00932431  -2.08980846 
 -1.33747745   1.67184687  -1.25388515  -3.00932431  -2.08980846 
 -1.42106974   1.67184687  -1.25388515  -2.92573190  -2.17340088 
 -1.33747745   1.67184687  -1.25388515  -3.00932431  -2.08980846 
 -1.33747745   1.67184687  -1.25388515  -3.00932431  -2.08980846 
 -1.33747745   1.67184687  -1.25388515  -3.00932431  -2.08980846 
 -1.33747745   1.67184687  -1.25388515  -3.00932431  -2.08980846 
 -1.33747745   1.67184687  -1.25388515  -3.00932431  -2.08980846 
 -1.33747745   1.75543916  -1.25388515  -3.09291649  -2.08980846 
 -1.33747745   1.67184687  -1.25388515  -3.00932431  -2.08980846 
 -1.33747745   1.67184687  -1.25388515  -3.00932431  -2.08980846 
 -1.33747745   1.67184687  -1.25388515  -3.00932431  -2.08980846 
 -1.33747745   1.67184687  -1.25388515  -3.00932431  -2.08980846 
 -1.33747745   1.58825445  -1.33747745  -2.92573190  -2.00621605 
 -1.33747745   1.67184687  -1.25388515  -3.00932431  -2.08980846 
 -1.33747745   1.67184687  -1.25388515  -3.00932431  -2.08980846 
 -1.33747745   1.67184687  -1.33747745  -2.92573190  -2.08980846 
 -1.33747745   1.67184687  -1.25388515  -3.00932431  -2.08980846 
 -1.33747745   1.67184687  -1.25388515  -3.00932431  -2.08980846 
 -1.33747745   1.67184687  -1.25388515  -3.00932431  -2.08980846 
 -1.33747745   1.58825445  -1.33747745  -3.00932431  -2.00621605 
 -1.33747745   1.67184687  -1.25388515  -3.00932431  -2.08980846 
 -1.33747745   1.67184687  -1.25388515  -3.00932431  -2.08980846 
 -1.33747745   1.67184687  -1.25388515  -3.00932431  -2.08980846 
 -1.33747745   1.67184687  -1.25388515  -3.00932431  -2.08980846 
 -1.33747745   1.67184687  -1.25388515  -3.00932431  -2.08980846 
 -1.33747745   1.67184687  -1.25388515  -3.00932431  -2.08980846 
 -1.33747745   1.67184687  -1.25388515  -3.00932431  -2.08980846 
 -1.33747745   1.67184687  -1.25388515  -3.00932431  -2.08980846 
 -1.33747745   1.67184687  -1.25388515  -3.00932431  -2.08980846 
 -1.33747745   1.67184687  -1.25388515  -3.00932431  -2.08980846 
 -1.33747745   1.67184687  -1.25388515  -3.00932431  -2.08980846 
 -1.33747745   1.67184687  -1.25388515  -3.00932431  -2.08980846 
 -1.33747745   1.67184687  -1.25388515  -3.00932431  -2.08980846 
 -1.33747745   1.50466216  -1.25388515  -3.00932431  -2.08980846 
 -1.33747745   1.67184687  -1.25388515  -3.00932431  -2.08980846 
 -1.33747745   1.67184687  -1.25388515  -3.00932431  -2.08980846 
 -1.33747745   1.67184687  -1.25388515  -3.00932431  -2.08980846 
 -1.33747745   1.67184687  -1.25388515  -3.00932431  -2.08980846 
 -1.33747745   1.67184687  -1.33747745  -3.00932431  -2.08980846 
 -1.33747745   1.67184687  -1.25388515  -3.00932431  -2.08980846 
 -1.33747745   1.67184687  -1.33747745  -3.00932431  -2.08980846 
 -1.33747745   1.67184687  -1.25388515  -3.00932431  -2.08980846 
 -1.33747745   1.67184687  -1.25388515  -3.00932431  -2.08980846 
 -1.33747745   1.67184687  -1.33747745  -3.00932431  -2.08980846 
 -1.33747745   1.67184687  -1.25388515  -3.00932431  -2.08980846 
 -1.33747745   1.67184687  -1.25388515  -3.00932431  -2.08980846 
 -1.33747745   1.67184687  -1.25388515  -3.00932431  -2.08980846 
 -1.33747745   1.67184687  -1.25388515  -3.00932431  -2.08980846 
 -1.33747745   1.67184687  -1.25388515  -3.00932431  -2.08980846 
 -1.33747745   1.67184687  -1.25388515  -3.00932431  -2.08980846 
 -1.33747745   1.67184687  -1.25388515  -3.00932431  -2.08980846 
 -1.33747745   1.67184687  -1.25388515  -3.00932431  -2.08980846 
 -1.33747745   1.67184687  -1.25388515  -3.00932431  -2.08980846 
 -1.33747745   1.67184687  -1.25388515  -3.00932431  -2.08980846 
 -1.25388515   1.58825445  -1.25388515  -3.00932431  -2.17340088 
 -1.33747745   1.67184687  -1.25388515  -3.00932431  -2.08980846 
 -1.33747745   1.67184687  -1.25388515  -3.00932431  -2.08980846 
 -1.33747745   1.67184687  -1.25388515  -3.00932431  -2.08980846 
 -1.33747745   1.67184687  -1.25388515  -3.00932431  -2.08980846 
 -1.33747745   1.67184687  -1.25388515  -3.00932431  -2.08980846 
 -1.33747745   1.67184687  -1.25388515  -3.00932431  -2.08980846 
 -1.33747745   1.67184687  -1.25388515  -3.00932431  -2.08980846 
 -1.33747745   1.67184687  -1.25388515  -3.00932431  -2.08980846 
 -1.33747745   1.67184687  -1.25388515  -3.00932431  -2.08980846 
 -1.33747745   1.67184687  -1.25388515  -3.00932431  -2.08980846 
 -1.33747745   1.67184687  -1.25388515  -3.00932431  -2.08980846 
 -1.33747745   1.67184687  -1.25388515  -3.00932431  -2.08980846 
 -1.33747745   1.67184687  -1.33747745  -2.84213948  -2.08980846 
 -1.33747745   1.67184687  -1.25388515  -3.00932431  -2.08980846 
 -1.33747745   1.67184687  -1.25388515  -3.00932431  -2.08980846 
 -1.33747745   1.67184687  -1.25388515  -3.00932431  -2.08980846 
 -1.33747745   1.42106974  -1.25388515  -2.92573190  -2.00621605 
 -1.33747745   1.67184687  -1.25388515  -3.00932431  -2.08980846 
 -1.33747745   1.58825445  -1.33747745  -2.84213948  -2.08980846 
 -1.33747745   1.67184687  -1.25388515  -3.00932431  -2.08980846 
 -1.33747745   1.67184687  -1.25388515  -3.00932431  -2.08980846 
 -1.33747745   1.67184687  -1.25388515  -3.00932431  -2.08980846 
 -1.33747745   1.58825445  -1.33747745  -2.92573190  -2.08980846 
 -1.33747745   1.67184687  -1.25388515  -3.00932431  -2.08980846 
 -1.33747745   1.67184687  -1.25388515  -3.00932431  -2.08980846 
 -1.33747745   1.67184687  -1.25388515  -3.00932431  -2.08980846 
 -1.33747745   1.67184687  -1.25388515  -3.00932431  -2.08980846 
 -1.33747745   1.67184687  -1.25388515  -3.00932431  -2.08980846 
 -1.33747745   1.67184687  -1.25388515  -3.00932431  -2.08980846 
 -1.33747745   1.67184687  -1.25388515  -3.00932431  -2.08980846 
 -1.33747745   1.67184687  -1.25388515  -3.00932431  -2.08980846 
 -1.33747745   1.67184687  -1.33747745  -3.09291649  -2.00621605 
 -1.33747745   1.67184687  -1.33747745  -3.00932431  -2.08980846 
 -1.42106974   1.50466216  -1.42106974  -2.84213948  -2.00621605 
 -1.33747745   1.67184687  -1.25388515  -3.00932431  -2.08980846 
 -1.33747745   1.67184687  -1.25388515  -3.00932431  -2.08980846 
 -1.33747745   1.67184687  -1.25388515  -3.00932431  -2.08980846 
 -1.33747745   1.67184687  -1.25388515  -3.00932431  -2.08980846 
 -1.33747745   1.67184687  -1.25388515  -3.00932431  -2.08980846 
 -1.33747745   1.67184687  -1.25388515  -3.00932431  -2.08980846 
 -1.33747745   1.67184687  -1.25388515  -3.00932431  -2.08980846 
 -1.33747745   1.67184687  -1.25388515  -3.00932431  -2.08980846 
 -1.33747745   1.67184687  -1.25388515  -3.00932431  -2.08980846 
 -1.33747745   1.67184687  -1.25388515  -3.00932431  -2.08980846 
 -1.25388515   1.58825445  -1.25388515  -3.00932431  -2.08980846 
 -1.33747745   1.67184687  -1.33747745  -3.00932431  -2.08980846 
 -1.33747745   1.67184687  -1.25388515  -3.00932431  -2.08980846 
 -1.33747745   1.67184687  -1.25388515  -3.00932431  -2.08980846 
 -1.33747745   1.67184687  -1.25388515  -3.00932431  -2.08980846 
 -1.33747745   1.67184687  -1.25388515  -3.00932431  -2.08980846 
 -1.33747745   1.67184687  -1.25388515  -3.00932431  -2.08980846 
 -1.33747745   1.67184687  -1.25388515  -3.00932431  -2.08980846 
 -1.33747745   1.58825445  -1.25388515  -3.00932431  -2.08980846 
 -1.50466216   1.42106974  -1.33747745  -2.84213948  -2.08980846 
 -1.33747745   1.67184687  -1.25388515  -3.00932431  -2.08980846 
 -1.33747745   1.67184687  -1.25388515  -3.00932431  -2.08980846 
 -1.33747745   1.67184687  -1.25388515  -3.00932431  -2.08980846 
 -1.33747745   1.67184687  -1.25388515  -3.00932431  -2.08980846 
 -1.25388515   1.58825445  -1.33747745  -3.00932431  -2.00621605 
 -1.33747745   1.67184687  -1.25388515  -3.00932431  -2.08980846 
 -1.33747745   1.67184687  -1.25388515  -3.00932431  -2.08980846 
 -1.33747745   1.67184687  -1.25388515  -3.00932431  -2.08980846 
 -1.33747745   1.67184687  -1.25388515  -3.00932431  -2.08980846 
 -1.33747745   1.67184687  -1.33747745  -3.00932431  -2.08980846 
 -1.33747745   1.67184687  -1.25388515  -3.00932431  -2.08980846 
 -1.33747745   1.67184687  -1.25388515  -3.00932431  -2.08980846 
 -1.33747745   1.67184687  -1.25388515  -3.00932431  -2.08980846 
 -1.33747745   1.67184687  -1.25388515  -3.00932431  -2.08980846 
 -1.33747745   1.67184687  -1.25388515  -3.00932431  -2.08980846 
 -1.33747745   1.67184687  -1.25388515  -3.00932431  -2.08980846 
 -1.33747745   1.67184687  -1.25388515  -3.00932431  -2.08980846 
 -1.33747745   1.67184687  -1.25388515  -3.00932431  -2.08980846 
 -1.33747745   1.67184687  -1.25388515  -3.00932431  -2.08980846 
 -1.33747745   1.67184687  -1.25388515  -3.00932431  -2.08980846 
 -1.33747745   1.67184687  -1.25388515  -3.00932431  -2.08980846 
 -1.33747745   1.67184687  -1.25388515  -3.00932431  -2.08980846 
 -1.33747745   1.67184687  -1.25388515  -3.00932431  -2.08980846 
 -1.33747745   1.58825445  -1.25388515  -3.00932431  -2.08980846 
 -1.33747745   1.67184687  -1.25388515  -3.09291649  -2.08980846 
 -1.33747745   1.67184687  -1.25388515  -3.00932431  -2.08980846 
 -1.33747745   1.67184687  -1.25388515  -3.00932431  -2.08980846 
 -1.33747745   1.67184687  -1.25388515  -3.00932431  -2.08980846 
 -1.33747745   1.67184687  -1.25388515  -3.00932431  -2.08980846 
 -1.33747745   1.67184687  -1.25388515  -3.00932431  -2.08980846 
 -1.33747745   1.67184687  -1.25388515  -3.00932431  -2.08980846 
 -1.33747745   1.67184687  -1.25388515  -3.00932431  -2.08980846 
 -1.33747745   1.67184687  -1.25388515  -3.00932431  -2.08980846 
 -1.33747745   1.67184687  -1.25388515  -3.00932431  -2.08980846 
 -1.33747745   1.67184687  -1.25388515  -3.00932431  -2.08980846 
 -1.33747745   1.67184687  -1.25388515  -3.00932431  -2.08980846 
 -1.33747745   1.67184687  -1.25388515  -3.00932431  -2.08980846 
 -1.33747745   1.67184687  -1.25388515  -3.00932431  -2.08980846 
 -1.33747745   1.67184687  -1.25388515  -3.00932431  -2.08980846 
 -1.33747745   1.67184687  -1.25388515  -3.00932431  -2.08980846 
 -1.33747745   1.67184687  -1.25388515  -3.00932431  -2.08980846 
 -1.33747745   1.67184687  -1.25388515  -3.00932431  -2.08980846 
 -1.33747745   1.67184687  -1.25388515  -3.00932431  -2.08980846 
 -1.33747745   1.67184687  -1.33747745  -3.00932431  -2.00621605 
 -1.33747745   1.67184687  -1.33747745  -3.00932431  -2.00621605 
 -1.33747745   1.67184687  -1.25388515  -3.00932431  -2.08980846 
 -1.33747745   1.67184687  -1.25388515  -3.00932431  -2.08980846 
 -1.33747745   1.67184687  -1.25388515  -3.00932431  -2.08980846 
 -1.33747745   1.67184687  -1.25388515  -3.00932431  -2.08980846 
 -1.33747745   1.67184687  -1.25388515  -3.00932431  -2.08980846 
 -1.33747745   1.67184687  -1.25388515  -3.00932431  -2.08980846 
 -1.33747745   1.67184687  -1.25388515  -3.00932431  -2.08980846 
 -1.33747745   1.67184687  -1.25388515  -3.00932431  -2.08980846 
 -1.33747745   1.67184687  -1.25388515  -3.00932431  -2.08980846 
 -1.33747745   1.67184687  -1.25388515  -3.00932431  -2.08980846 
 -1.33747745   1.67184687  -1.25388515  -3.00932431  -2.08980846 
 -1.33747745   1.67184687  -1.25388515  -3.00932431  -2.08980846 
 -1.33747745   1.67184687  -1.25388515  -3.00932431  -2.08980846 
 -1.33747745   1.67184687  -1.25388515  -3.00932431  -2.08980846 
 -1.33747745   1.67184687  -1.25388515  -3.00932431  -2.08980846 
 -1.33747745   1.67184687  -1.25388515  -3.00932431  -2.08980846 
 -1.33747745   1.67184687  -1.25388515  -3.00932431  -2.08980846 
 -1.33747745   1.67184687  -1.25388515  -3.00932431  -2.08980846 
 -1.33747745   1.67184687  -1.33747745  -3.00932431  -2.08980846 
 -1.33747745   1.67184687  -1.25388515  -3.00932431  -2.08980846 
 -1.33747745   1.67184687  -1.25388515  -3.00932431  -2.08980846 
 -1.33747745   1.67184687  -1.25388515  -3.00932431  -2.08980846 
 -1.33747745   1.67184687  -1.25388515  -3.00932431  -2.08980846 
 -1.33747745   1.67184687  -1.25388515  -3.00932431  -2.08980846 
 -1.33747745   1.67184687  -1.25388515  -3.00932431  -2.08980846 
 -1.33747745   1.67184687  -1.25388515  -3.00932431  -2.08980846 
 -1.33747745   1.67184687  -1.33747745  -3.09291649  -2.00621605 
 -1.33747745   1.67184687  -1.25388515  -3.00932431  -2.08980846 
 -1.33747745   1.67184687  -1.25388515  -3.00932431  -2.08980846 
 -1.33747745   1.67184687  -1.25388515  -3.00932431  -2.08980846 
 -1.33747745   1.67184687  -1.25388515  -3.00932431  -2.08980846 
 -1.33747745   1.67184687  -1.25388515  -3.00932431  -2.08980846 
 -1.33747745   1.67184687  -1.25388515  -3.00932431  -2.08980846 
 -1.33747745   1.67184687  -1.25388515  -3.00932431  -2.08980846 
 -1.33747745   1.67184687  -1.25388515  -3.00932431  -2.08980846 
 -1.33747745   1.67184687  -1.33747745  -3.00932431  -2.08980846 
 -1.33747745   1.67184687  -1.25388515  -3.00932431  -2.08980846 
 -1.33747745   1.67184687  -1.25388515  -3.00932431  -2.08980846 
 -1.33747745   1.67184687  -1.25388515  -3.00932431  -2.08980846 
 -1.33747745   1.67184687  -1.25388515  -3.00932431  -2.08980846 
 -1.33747745   1.67184687  -1.25388515  -3.00932431  -2.08980846 
 -1.33747745   1.67184687  -1.25388515  -3.00932431  -2.08980846 
 -1.33747745   1.67184687  -1.25388515  -3.00932431  -2.08980846 
 -1.33747745   1.67184687  -1.25388515  -3.00932431  -2.08980846 
 -1.33747745   1.67184687  -1.25388515  -3.00932431  -2.08980846 
 -1.33747745   1.67184687  -1.25388515  -3.00932431  -2.08980846 
 -1.33747745   1.67184687  -1.25388515  -3.00932431  -2.08980846 
 -1.33747745   1.67184687  -1.25388515  -3.00932431  -2.08980846 
 -1.33747745   1.67184687  -1.25388515  -3.09291649  -2.17340088 
 -1.33747745   1.67184687  -1.25388515  -3.00932431  -2.08980846 
 -1.33747745   1.67184687  -1.25388515  -3.00932431  -2.08980846 
 -1.33747745   1.67184687  -1.25388515  -3.00932431  -2.08980846 
 -1.33747745   1.67184687  -1.25388515  -3.00932431  -2.08980846 
 -1.33747745   1.67184687  -1.25388515  -3.00932431  -2.08980846 
 -1.33747745   1.67184687  -1.25388515  -3.00932431  -2.08980846 
 -1.33747745   1.67184687  -1.25388515  -3.00932431  -2.08980846 
 -1.33747745   1.67184687  -1.25388515  -3.00932431  -2.08980846 
 -1.33747745   1.67184687  -1.25388515  -3.00932431  -2.08980846 
 -1.33747745   1.67184687  -1.33747745  -3.00932431  -2.08980846 
 -1.33747745   1.67184687  -1.25388515  -3.00932431  -2.08980846 
 -1.33747745   1.67184687  -1.25388515  -3.00932431  -2.08980846 
 -1.33747745   1.67184687  -1.25388515  -3.00932431  -2.08980846 
 -1.33747745   1.67184687  -1.25388515  -3.00932431  -2.08980846 
 -1.33747745   1.67184687  -1.25388515  -3.00932431  -2.08980846 
 -1.33747745   1.67184687  -1.25388515  -3.00932431  -2.08980846 
 -1.33747745   1.67184687  -1.25388515  -3.00932431  -2.08980846 
 -1.33747745   1.67184687  -1.25388515  -3.00932431  -2.08980846 
 -1.33747745   1.67184687  -1.25388515  -3.00932431  -2.08980846 
 -1.33747745   1.67184687  -1.25388515  -3.00932431  -2.08980846 
 -1.33747745   1.67184687  -1.25388515  -3.00932431  -2.08980846 
 -1.33747745   1.67184687  -1.25388515  -3.00932431  -2.08980846 
 -1.33747745   1.67184687  -1.25388515  -3.00932431  -2.08980846 
 -1.33747745   1.67184687  -1.25388515  -3.00932431  -2.08980846 
 -1.33747745   1.67184687  -1.25388515  -3.00932431  -2.08980846 
 -1.33747745   1.67184687  -1.25388515  -3.00932431  -2.08980846 
 -1.33747745   1.67184687  -1.25388515  -3.00932431  -2.08980846 
 -1.33747745   1.67184687  -1.25388515  -3.00932431  -2.08980846 
 -1.33747745   1.67184687  -1.25388515  -3.00932431  -2.08980846 
 -1.33747745   1.67184687  -1.25388515  -3.00932431  -2.08980846 
 -1.42106974   1.75543916  -1.33747745  -2.92573190  -2.17340088 
 -1.33747745   1.67184687  -1.25388515  -3.00932431  -2.08980846 
 -1.33747745   1.67184687  -1.25388515  -3.00932431  -2.08980846 
 -1.33747745   1.67184687  -1.25388515  -3.00932431  -2.08980846 
 -1.33747745   1.67184687  -1.25388515  -3.00932431  -2.08980846 
 -1.33747745   1.67184687  -1.25388515  -3.00932431  -2.08980846 
 -1.33747745   1.67184687  -1.25388515  -3.00932431  -2.08980846 
 -1.33747745   1.67184687  -1.25388515  -3.00932431  -2.08980846 
 -1.33747745   1.67184687  -1.25388515  -3.00932431  -2.08980846 
 -1.33747745   1.58825445  -1.25388515  -2.92573190  -2.08980846 
 -1.33747745   1.67184687  -1.25388515  -3.00932431  -2.08980846 
 -1.33747745   1.67184687  -1.33747745  -2.92573190  -2.08980846 
 -1.33747745   1.67184687  -1.25388515  -3.00932431  -2.08980846 
 -1.33747745   1.67184687  -1.25388515  -3.00932431  -2.08980846 
 -1.33747745   1.67184687  -1.25388515  -3.00932431  -2.08980846 
 -1.33747745   1.67184687  -1.25388515  -3.00932431  -2.08980846 
 -1.33747745   1.67184687  -1.25388515  -3.00932431  -2.08980846 
 -1.33747745   1.67184687  -1.25388515  -3.00932431  -2.08980846 
 -1.25388515   1.58825445  -1.17029274  -3.00932431  -2.08980846 
 -1.33747745   1.50466216  -1.25388515  -2.92573190  -2.17340088 
 -1.33747745   1.67184687  -1.25388515  -3.00932431  -2.08980846 
 -1.33747745   1.67184687  -1.25388515  -3.00932431  -2.08980846 
 -1.25388515   1.50466216  -1.25388515  -3.00932431  -2.08980846 
 -1.33747745   1.67184687  -1.25388515  -3.00932431  -2.08980846 
 -1.33747745   1.67184687  -1.25388515  -3.00932431  -2.08980846 
 -1.33747745   1.67184687  -1.25388515  -3.00932431  -2.08980846 
 -1.33747745   1.67184687  -1.25388515  -3.00932431  -2.08980846 
 -1.33747745   1.67184687  -1.33747745  -3.00932431  -2.00621605 
 -1.33747745   1.67184687  -1.25388515  -3.00932431  -2.08980846 
 -1.25388515   1.58825445  -1.33747745  -3.00932431  -2.08980846 
 -1.33747745   1.67184687  -1.25388515  -3.00932431  -2.08980846 
 -1.33747745   1.67184687  -1.25388515  -3.00932431  -2.08980846 
 -1.33747745   1.67184687  -1.25388515  -3.00932431  -2.08980846 
 -1.33747745   1.67184687  -1.25388515  -3.00932431  -2.08980846 
 -1.33747745   1.67184687  -1.25388515  -3.00932431  -2.08980846 
 -1.33747745   1.67184687  -1.25388515  -3.00932431  -2.08980846 
 -1.33747745   1.67184687  -1.25388515  -3.00932431  -2.08980846 
 -1.33747745   1.67184687  -1.25388515  -3.00932431  -2.08980846 
 -1.33747745   1.67184687  -1.25388515  -3.00932431  -2.08980846 
 -1.33747745   1.67184687  -1.25388515  -3.00932431  -2.08980846 
 -1.33747745   1.67184687  -1.25388515  -3.00932431  -2.08980846 
 -1.33747745   1.67184687  -1.25388515  -3.00932431  -2.08980846 
 -1.42106974   1.58825445  -1.33747745  -2.84213948  -2.08980846 
 -1.33747745   1.67184687  -1.33747745  -3.00932431  -2.08980846 
 -1.42106974   1.50466216  -1.33747745  -2.75854731  -2.08980846 
 -1.33747745   1.67184687  -1.25388515  -3.00932431  -2.08980846 
 -1.33747745   1.58825445  -1.33747745  -2.84213948  -2.08980846 
 -1.33747745   1.67184687  -1.25388515  -3.00932431  -2.08980846 
 -1.25388515   1.67184687  -1.25388515  -3.00932431  -2.17340088 
 -1.33747745   1.67184687  -1.25388515  -3.00932431  -2.08980846 
 -1.33747745   1.67184687  -1.25388515  -3.00932431  -2.08980846 
 -1.33747745   1.75543916  -1.25388515  -3.09291649  -2.08980846 
 -1.33747745   1.67184687  -1.25388515  -3.00932431  -2.08980846 
 -1.33747745   1.67184687  -1.25388515  -3.00932431  -2.08980846 
 -1.33747745   1.67184687  -1.25388515  -3.00932431  -2.08980846 
 -1.33747745   1.67184687  -1.25388515  -3.00932431  -2.08980846 
 -1.33747745   1.67184687  -1.25388515  -3.00932431  -2.08980846 
 -1.33747745   1.67184687  -1.25388515  -3.00932431  -2.08980846 
 -1.33747745   1.67184687  -1.25388515  -3.00932431  -2.08980846 
 -1.33747745   1.67184687  -1.25388515  -3.00932431  -2.08980846 
 -1.33747745   1.67184687  -1.25388515  -3.00932431  -2.08980846 
 -1.33747745   1.67184687  -1.25388515  -3.00932431  -2.08980846 
 -1.33747745   1.67184687  -1.25388515  -3.00932431  -2.08980846 
 -1.33747745   1.67184687  -1.25388515  -3.00932431  -2.08980846 
 -1.33747745   1.67184687  -1.25388515  -3.00932431  -2.08980846 
 -1.33747745   1.67184687  -1.25388515  -3.00932431  -2.08980846 
 -1.33747745   1.67184687  -1.25388515  -3.00932431  -2.08980846 
 -1.33747745   1.67184687  -1.25388515  -3.00932431  -2.08980846 
 -1.33747745   1.67184687  -1.25388515  -3.00932431  -2.08980846 
 -1.33747745   1.67184687  -1.25388515  -3.00932431  -2.08980846 
 -1.33747745   1.67184687  -1.25388515  -3.00932431  -2.08980846 
 -1.33747745   1.67184687  -1.25388515  -3.00932431  -2.08980846 
 -1.42106974   1.58825445  -1.17029274  -2.92573190  -2.08980846 
 -1.33747745   1.75543916  -1.33747745  -3.09291649  -2.08980846 
 -1.33747745   1.67184687  -1.25388515  -3.00932431  -2.08980846 
 -1.25388515   1.67184687  -1.25388515  -2.92573190  -2.17340088 
 -1.33747745   1.67184687  -1.25388515  -3.00932431  -2.08980846 
 -1.33747745   1.67184687  -1.25388515  -3.00932431  -2.08980846 
 -1.33747745   1.67184687  -1.25388515  -3.00932431  -2.08980846 
 -1.33747745   1.67184687  -1.25388515  -3.00932431  -2.08980846 
 -1.33747745   1.67184687  -1.25388515  -3.00932431  -2.08980846 
 -1.33747745   1.67184687  -1.33747745  -3.00932431  -2.08980846 
 -1.33747745   1.67184687  -1.25388515  -3.00932431  -2.08980846 
 -1.33747745   1.67184687  -1.25388515  -3.00932431  -2.08980846 
 -1.33747745   1.67184687  -1.25388515  -3.00932431  -2.08980846 
 -1.33747745   1.58825445  -1.33747745  -2.92573190  -2.00621605 
 -1.33747745   1.67184687  -1.25388515  -3.00932431  -2.08980846 
 -1.33747745   1.67184687  -1.25388515  -3.00932431  -2.08980846 
 -1.25388515   1.58825445  -1.25388515  -3.09291649  -2.08980846 
 -1.33747745   1.67184687  -1.25388515  -3.00932431  -2.08980846 
 -1.33747745   1.67184687  -1.25388515  -3.00932431  -2.08980846 
 -1.33747745   1.67184687  -1.25388515  -3.00932431  -2.08980846 
 -1.33747745   1.67184687  -1.25388515  -3.00932431  -2.08980846 
 -1.33747745   1.67184687  -1.25388515  -3.00932431  -2.08980846 
 -1.33747745   1.67184687  -1.33747745  -3.00932431  -2.08980846 
 -1.33747745   1.67184687  -1.25388515  -3.00932431  -2.08980846 
 -1.33747745   1.67184687  -1.25388515  -3.00932431  -2.08980846 
 -1.33747745   1.67184687  -1.25388515  -3.00932431  -2.08980846 
 -1.33747745   1.67184687  -1.25388515  -3.00932431  -2.08980846 
 -1.33747745   1.67184687  -1.25388515  -3.00932431  -2.08980846 
 -1.33747745   1.67184687  -1.25388515  -3.00932431  -2.08980846 
 -1.33747745   1.67184687  -1.25388515  -3.00932431  -2.08980846 
 -1.33747745   1.67184687  -1.25388515  -3.00932431  -2.08980846 
 -1.33747745   1.67184687  -1.33747745  -3.00932431  -2.08980846 
 -1.33747745   1.67184687  -1.25388515  -3.00932431  -2.08980846 
 -1.33747745   1.67184687  -1.25388515  -3.00932431  -2.08980846 
 -1.33747745   1.67184687  -1.25388515  -3.00932431  -2.08980846 
 -1.33747745   1.67184687  -1.25388515  -3.00932431  -2.08980846 
 -1.33747745   1.67184687  -1.25388515  -3.00932431  -2.08980846 
 -1.33747745   1.67184687  -1.25388515  -3.00932431  -2.08980846 
 -1.42106974   1.58825445  -1.25388515  -3.00932431  -2.00621605 
 -1.33747745   1.67184687  -1.25388515  -3.00932431  -2.08980846 
 -1.33747745   1.67184687  -1.25388515  -3.00932431  -2.08980846 
 -1.33747745   1.67184687  -1.25388515  -3.00932431  -2.08980846 
 -1.42106974   1.58825445  -1.33747745  -2.92573190  -2.00621605 
 -1.33747745   1.67184687  -1.25388515  -3.00932431  -2.08980846 
 -1.33747745   1.67184687  -1.33747745  -3.00932431  -2.08980846 
 -1.25388515   1.58825445  -1.25388515  -3.00932431  -2.08980846 
 -1.33747745   1.67184687  -1.25388515  -3.00932431  -2.08980846 
 -1.33747745   1.67184687  -1.25388515  -3.00932431  -2.08980846 
 -1.33747745   1.67184687  -1.25388515  -3.00932431  -2.08980846 
 -1.33747745   1.67184687  -1.25388515  -3.00932431  -2.08980846 
 -1.33747745   1.67184687  -1.25388515  -3.00932431  -2.08980846 
 -1.33747745   1.67184687  -1.25388515  -3.00932431  -2.08980846 
 -1.33747745   1.67184687  -1.25388515  -3.00932431  -2.08980846 
 -1.33747745   1.67184687  -1.25388515  -3.00932431  -2.08980846 
 -1.33747745   1.67184687  -1.25388515  -3.00932431  -2.08980846 
 -1.33747745   1.67184687  -1.25388515  -3.00932431  -2.08980846 
 -1.33747745   1.58825445  -1.17029274  -3.00932431  -2.08980846 
 -1.33747745   1.67184687  -1.33747745  -3.00932431  -2.08980846 
 -1.33747745   1.67184687  -1.25388515  -3.00932431  -2.08980846 
 -1.33747745   1.67184687  -1.25388515  -3.00932431  -2.08980846 
 -1.33747745   1.67184687  -1.25388515  -3.00932431  -2.08980846 
 -1.33747745   1.67184687  -1.25388515  -3.00932431  -2.08980846 
 -1.33747745   1.67184687  -1.25388515  -3.00932431  -2.08980846 
 -1.33747745   1.67184687  -1.25388515  -3.00932431  -2.08980846 
 -1.33747745   1.67184687  -1.25388515  -3.00932431  -2.08980846 
 -1.42106974   1.58825445  -1.42106974  -2.84213948  -2.00621605 
 -1.33747745   1.67184687  -1.25388515  -3.00932431  -2.08980846 
 -1.33747745   1.58825445  -1.33747745  -2.84213948  -2.08980846 
 -1.33747745   1.67184687  -1.25388515  -3.00932431  -2.08980846 
 -1.33747745   1.67184687  -1.25388515  -3.00932431  -2.08980846 
 -1.33747745   1.67184687  -1.25388515  -3.00932431  -2.08980846 
 -1.33747745   1.67184687  -1.25388515  -3.00932431  -2.08980846 
 -1.33747745   1.67184687  -1.25388515  -3.00932431  -2.08980846 
 -1.33747745   1.67184687  -1.25388515  -3.00932431  -2.08980846 
 -1.33747745   1.67184687  -1.25388515  -3.00932431  -2.08980846 
 -1.33747745   1.67184687  -1.25388515  -3.00932431  -2.08980846 
 -1.33747745   1.67184687  -1.25388515  -3.00932431  -2.08980846 
 -1.33747745   1.67184687  -1.25388515  -3.00932431  -2.08980846 
 -1.33747745   1.67184687  -1.25388515  -3.00932431  -2.08980846 
 -1.33747745   1.67184687  -1.25388515  -3.00932431  -2.08980846 
 -1.33747745   1.67184687  -1.25388515  -3.00932431  -2.08980846 
 -1.33747745   1.67184687  -1.25388515  -3.00932431  -2.08980846 
 -1.33747745   1.67184687  -1.25388515  -3.00932431  -2.08980846 
 -1.33747745   1.67184687  -1.25388515  -3.00932431  -2.08980846 
 -1.33747745   1.67184687  -1.25388515  -3.00932431  -2.08980846 
 -1.33747745   1.67184687  -1.25388515  -3.00932431  -2.08980846 