
 -0.98305857   2.49208808  -0.78866756  -1.88876772  -2.12356448 
 -0.98243874   2.49227571  -0.78821415  -1.88935483  -2.12356019 
 -0.98193103   2.49231243  -0.78865165  -1.88971722  -2.12309361 
 -0.98214692   2.49229670  -0.78814626  -1.88913727  -2.12351060 
 -0.98208576   2.49246693  -0.78780818  -1.88963497  -2.12370610 
 -0.98266381   2.49383092  -0.78849453  -1.89007866  -2.12344933 
 -0.98186469   2.49268007  -0.78878939  -1.89006710  -2.12313938 
 -0.98270512   2.49254417  -0.78873104  -1.88916981  -2.12353706 
 -0.98243898   2.49245071  -0.78837109  -1.88935375  -2.12316942 
 -0.98238987   2.49220848  -0.78836387  -1.88981676  -2.12351489 
 -0.98225778   2.49294949  -0.78788441  -1.89014804  -2.12337637 
 -0.98264545   2.49222302  -0.78786802  -1.88952708  -2.12346578 
 -0.98264033   2.49272895  -0.78808463  -1.88981068  -2.12314749 
 -0.98235554   2.49208140  -0.78785378  -1.88928878  -2.12375402 
 -0.98257589   2.49266171  -0.78823328  -1.88907528  -2.12285900 
 -0.98202139   2.49283719  -0.78857177  -1.88952935  -2.12326574 
 -0.98273158   2.49282503  -0.78832555  -1.88983250  -2.12258554 
 -0.98282540   2.49286675  -0.78845388  -1.88939595  -2.12381887 
 -0.98197204   2.49283504  -0.78853709  -1.88966048  -2.12334108 
 -0.98201585   2.49303722  -0.78833753  -1.89041626  -2.12348819 
 -0.98221517   2.49285483  -0.78813165  -1.89024293  -2.12334943 
 -0.98243958   2.49197197  -0.78798819  -1.88912570  -2.12266803 
 -0.98191118   2.49252415  -0.78836536  -1.88988924  -2.12360740 
 -0.98270392   2.49216890  -0.78913414  -1.88874841  -2.12285757 
 -0.98263747   2.49310756  -0.78806865  -1.88998675  -2.12293029 
 -0.98270535   2.49291301  -0.78879553  -1.88939083  -2.12326074 
 -0.98217857   2.49256277  -0.78861123  -1.88940084  -2.12304497 
 -0.98251283   2.49276972  -0.78902096  -1.88931870  -2.12309790 
 -0.98218304   2.49223685  -0.78804755  -1.88932097  -2.12357140 
 -0.98167193   2.49216413  -0.78827274  -1.88954198  -2.12341380 
 -0.98216510   2.49291253  -0.78888434  -1.88975656  -2.12325883 
 -0.98251224   2.49266052  -0.78835928  -1.88887095  -2.12333345 
 -0.98202735   2.49171352  -0.78791928  -1.88952196  -2.12366033 
 -0.98225206   2.49267530  -0.78828675  -1.88961589  -2.12370443 
 -0.98197758   2.49213314  -0.78826016  -1.88945675  -2.12304163 
 -0.98204046   2.49243569  -0.78835231  -1.88941431  -2.12329149 
 -0.98159224   2.49216557  -0.78824854  -1.88976717  -2.12362194 
 -0.98179412   2.49191642  -0.78854954  -1.88998365  -2.12266850 
 -0.98219639   2.49342585  -0.78839070  -1.88981175  -2.12309766 
 -0.98198289   2.49218011  -0.78878605  -1.88944495  -2.12293029 
 -0.98215586   2.49284792  -0.78862184  -1.88961172  -2.12321496 
 -0.98271549   2.49337482  -0.78840601  -1.88966644  -2.12307620 
 -0.98287427   2.49289274  -0.78842783  -1.88939905  -2.12284231 
 -0.98253793   2.49327302  -0.78796703  -1.88983834  -2.12310743 
 -0.98188394   2.49234319  -0.78854406  -1.88947189  -2.12360859 
 -0.98234046   2.49260831  -0.78877568  -1.88970387  -2.12278032 
 -0.98255938   2.49262905  -0.78807014  -1.88986444  -2.12345123 
 -0.98215789   2.49288392  -0.78885078  -1.88972580  -2.12334418 
 -0.98196149   2.49264479  -0.78873730  -1.88967836  -2.12296057 
 -0.98255974   2.49302030  -0.78859514  -1.88956761  -2.12316871 
 -0.98187190   2.49200034  -0.78844941  -1.88968444  -2.12288380 
 -0.98218042   2.49278164  -0.78828722  -1.88982284  -2.12327957 
 -0.98260254   2.49252605  -0.78823090  -1.88931680  -2.12274671 
 -0.98257744   2.49184346  -0.78843933  -1.88867176  -2.12365556 
 -0.98262030   2.49250650  -0.78801358  -1.88950169  -2.12331104 
 -0.98272294   2.49269247  -0.78859347  -1.88906515  -2.12303114 
 -0.98197633   2.49226141  -0.78806853  -1.88963056  -2.12330031 
 -0.98245215   2.49322629  -0.78872752  -1.89018095  -2.12323594 
 -0.98190361   2.49272656  -0.78871202  -1.88988090  -2.12333107 
 -0.98205090   2.49210787  -0.78872889  -1.88933372  -2.12312961 
 -0.98217916   2.49221706  -0.78848922  -1.88968563  -2.12344003 
 -0.98237580   2.49285436  -0.78880340  -1.89012861  -2.12340379 
 -0.98304868   2.49273777  -0.78851968  -1.88894141  -2.12333012 
 -0.98271090   2.49306631  -0.78813642  -1.88998759  -2.12374568 
 -0.98227262   2.49267554  -0.78892845  -1.89003551  -2.12308288 
 -0.98221606   2.49202156  -0.78838235  -1.88952827  -2.12299776 
 -0.98219138   2.49230599  -0.78867674  -1.88957453  -2.12333798 
 -0.98238659   2.49242544  -0.78836286  -1.88965619  -2.12298179 
 -0.98223042   2.49288654  -0.78855973  -1.89017570  -2.12352848 
 -0.98244214   2.49331474  -0.78837204  -1.88974321  -2.12388682 
 -0.98204529   2.49255419  -0.78861600  -1.88958561  -2.12347698 
 -0.98283195   2.49277878  -0.78839761  -1.88951731  -2.12287807 
 -0.98267663   2.49227977  -0.78842080  -1.88899863  -2.12313604 
 -0.98282307   2.49327803  -0.78798705  -1.88983178  -2.12282491 
 -0.98226511   2.49229336  -0.78824162  -1.88951039  -2.12305164 
 -0.98205358   2.49264359  -0.78813344  -1.88958478  -2.12375903 
 -0.98176235   2.49221110  -0.78842819  -1.88955414  -2.12391090 
 -0.98249894   2.49273348  -0.78849679  -1.88962603  -2.12321854 
 -0.98223025   2.49265432  -0.78862435  -1.88938630  -2.12342024 
 -0.98246312   2.49253297  -0.78844702  -1.88927150  -2.12365913 
 -0.98181260   2.49241996  -0.78830063  -1.89053285  -2.12346029 
 -0.98270321   2.49270153  -0.78818119  -1.88940966  -2.12341714 
 -0.98221105   2.49277449  -0.78833449  -1.89028406  -2.12317657 
 -0.98208112   2.49289489  -0.78890139  -1.89013815  -2.12291503 
 -0.98178756   2.49271536  -0.78843337  -1.88996780  -2.12309980 
 -0.98218232   2.49220085  -0.78833735  -1.88956940  -2.12317061 
 -0.98221952   2.49270797  -0.78888756  -1.88969004  -2.12317991 
 -0.98212814   2.49244142  -0.78837341  -1.88926244  -2.12366676 
 -0.98235577   2.49237943  -0.78792590  -1.88964510  -2.12369990 
 -0.98256350   2.49220300  -0.78813839  -1.88920522  -2.12384081 
 -0.98213303   2.49265814  -0.78827798  -1.89022052  -2.12340069 
 -0.98208249   2.49253821  -0.78834546  -1.88945889  -2.12282991 
 -0.98191017   2.49265957  -0.78923118  -1.88924134  -2.12308598 
 -0.98197353   2.49235868  -0.78847152  -1.88964188  -2.12316060 
 -0.98220724   2.49253201  -0.78868431  -1.88968229  -2.12300706 
 -0.98223799   2.49243736  -0.78859472  -1.88922524  -2.12332439 
 -0.98289359   2.49258971  -0.78824830  -1.88911569  -2.12285495 
 -0.98212588   2.49263334  -0.78872317  -1.88946807  -2.12316227 
 -0.98292369   2.49308062  -0.78805947  -1.88958144  -2.12359357 
 -0.98253709   2.49230194  -0.78844219  -1.88945246  -2.12364221 
 -0.98249596   2.49236608  -0.78832614  -1.88892853  -2.12312722 
 -0.98241389   2.49228907  -0.78876191  -1.88872981  -2.12302876 
 -0.98285472   2.49323654  -0.78803593  -1.89015114  -2.12355447 
 -0.98313540   2.49313617  -0.78790635  -1.88924551  -2.12344861 
 -0.98206663   2.49263310  -0.78837955  -1.88944852  -2.12345028 
 -0.98208916   2.49253678  -0.78806937  -1.89042544  -2.12315607 
 -0.98261881   2.49284196  -0.78892624  -1.88932562  -2.12358618 
 -0.98226595   2.49279261  -0.78813338  -1.88991725  -2.12353158 
 -0.98284531   2.49199414  -0.78843629  -1.88897932  -2.12340927 
 -0.98192698   2.49237871  -0.78842747  -1.88963497  -2.12358642 
 -0.98212898   2.49240565  -0.78920197  -1.88890076  -2.12309003 
 -0.98234355   2.49245024  -0.78867501  -1.88889849  -2.12315106 
 -0.98193204   2.49247956  -0.78874129  -1.88948154  -2.12313676 
 -0.98233569   2.49251604  -0.78816199  -1.88923323  -2.12390161 
 -0.98211747   2.49250269  -0.78833705  -1.88955021  -2.12330556 
 -0.98245710   2.49305010  -0.78831959  -1.89005470  -2.12339520 
 -0.98254091   2.49276328  -0.78865951  -1.88959181  -2.12324142 
 -0.98183668   2.49273419  -0.78810591  -1.89016330  -2.12352896 
 -0.98220801   2.49230957  -0.78818458  -1.88933289  -2.12320018 
 -0.98245251   2.49212646  -0.78803521  -1.88897038  -2.12348962 
 -0.98177868   2.49248958  -0.78850508  -1.88966203  -2.12340665 
 -0.98227650   2.49240017  -0.78772813  -1.88953316  -2.12345171 
 -0.98254722   2.49313354  -0.78848451  -1.88980985  -2.12392092 
 -0.98242480   2.49244618  -0.78822380  -1.88987494  -2.12289858 
 -0.98182768   2.49221539  -0.78799045  -1.88956428  -2.12316179 
 -0.98275197   2.49210405  -0.78798318  -1.88866007  -2.12375093 
 -0.98278290   2.49223089  -0.78800142  -1.88882935  -2.12286782 
 -0.98190427   2.49288726  -0.78807801  -1.89047325  -2.12364125 
 -0.98220456   2.49192715  -0.78857821  -1.88940394  -2.12261081 
 -0.98239839   2.49278808  -0.78860992  -1.88942695  -2.12333894 
 -0.98284471   2.49295998  -0.78870541  -1.88989115  -2.12283540 
 -0.98274589   2.49275398  -0.78781486  -1.88980341  -2.12336516 
 -0.98273987   2.49247646  -0.78791767  -1.88937974  -2.12371802 
 -0.98276216   2.49224925  -0.78855658  -1.88934064  -2.12352037 
 -0.98243368   2.49207282  -0.78844482  -1.88926327  -2.12350631 
 -0.98281252   2.49231935  -0.78830111  -1.88902378  -2.12339020 
 -0.98209196   2.49235463  -0.78818196  -1.88950813  -2.12295341 
 -0.98193723   2.49200130  -0.78886747  -1.88962686  -2.12331724 
 -0.98196518   2.49219227  -0.78831232  -1.88952231  -2.12347364 
 -0.98259854   2.49263406  -0.78854209  -1.88968706  -2.12306690 
 -0.98236275   2.49221230  -0.78812832  -1.88913536  -2.12341809 
 -0.98296303   2.49305868  -0.78815430  -1.88948500  -2.12341261 
 -0.98246413   2.49282598  -0.78856170  -1.88973331  -2.12307763 
 -0.98256022   2.49264097  -0.78779304  -1.88992465  -2.12346482 
 -0.98221606   2.49254918  -0.78861737  -1.88946176  -2.12363410 
 -0.98148751   2.49238825  -0.78827018  -1.89005363  -2.12310719 
 -0.98157734   2.49292278  -0.78820854  -1.88995945  -2.12304044 
 -0.98197877   2.49279261  -0.78856981  -1.88961422  -2.12322450 
 -0.98266727   2.49221897  -0.78806889  -1.88905263  -2.12321782 
 -0.98301005   2.49284768  -0.78854120  -1.88952959  -2.12293434 
 -0.98206723   2.49223638  -0.78835040  -1.88957763  -2.12273932 
 -0.98268515   2.49206924  -0.78818953  -1.88864946  -2.12334037 
 -0.98263961   2.49243402  -0.78828824  -1.88935387  -2.12336254 
 -0.98250067   2.49227667  -0.78859884  -1.88943982  -2.12319469 
 -0.98248124   2.49215627  -0.78823000  -1.88921618  -2.12332749 
 -0.98239285   2.49286556  -0.78775114  -1.89012110  -2.12357402 
 -0.98279196   2.49196100  -0.78832167  -1.88865983  -2.12283874 
 -0.98209828   2.49286532  -0.78896457  -1.88994920  -2.12299800 
 -0.98242176   2.49240208  -0.78804499  -1.88963783  -2.12343812 
 -0.98237646   2.49242592  -0.78815883  -1.88948488  -2.12280774 
 -0.98225647   2.49323821  -0.78853065  -1.88977778  -2.12368107 
 -0.98216820   2.49287891  -0.78867155  -1.88992774  -2.12364030 
 -0.98209888   2.49262309  -0.78831619  -1.88936675  -2.12352729 
 -0.98148990   2.49237061  -0.78760755  -1.89025676  -2.12347841 
 -0.98264492   2.49276066  -0.78844213  -1.88892388  -2.12335396 
 -0.98168337   2.49222684  -0.78815508  -1.89019990  -2.12279582 
 -0.98218030   2.49227524  -0.78825325  -1.88982320  -2.12314343 
 -0.98216271   2.49184680  -0.78817463  -1.88945544  -2.12325120 
 -0.98230124   2.49195623  -0.78825617  -1.88905239  -2.12304854 
 -0.98201275   2.49209881  -0.78900099  -1.88893855  -2.12308812 
 -0.98268473   2.49262977  -0.78765333  -1.88904202  -2.12348032 
 -0.98218024   2.49255323  -0.78842503  -1.88994360  -2.12321758 
 -0.98204285   2.49251604  -0.78826660  -1.88968205  -2.12333989 
 -0.98254603   2.49281597  -0.78819400  -1.88979208  -2.12364745 
 -0.98239005   2.49285769  -0.78851891  -1.88943648  -2.12347960 
 -0.98236430   2.49278593  -0.78868020  -1.89000189  -2.12291002 
 -0.98285443   2.49277663  -0.78822410  -1.88939869  -2.12378669 
 -0.98206615   2.49232674  -0.78880769  -1.88935375  -2.12328219 
 -0.98228651   2.49250889  -0.78850931  -1.88969016  -2.12334490 
 -0.98226494   2.49272299  -0.78821307  -1.88934886  -2.12350655 
 -0.98252004   2.49172997  -0.78830534  -1.88922477  -2.12296057 
 -0.98232943   2.49185252  -0.78841186  -1.88893116  -2.12369776 
 -0.98237765   2.49305129  -0.78810638  -1.88997555  -2.12349057 
 -0.98267436   2.49289703  -0.78803140  -1.88976026  -2.12357712 
 -0.98200691   2.49236369  -0.78815144  -1.88946652  -2.12341928 
 -0.98249239   2.49318027  -0.78827697  -1.89025962  -2.12331939 
 -0.98196530   2.49293876  -0.78836805  -1.89006126  -2.12331009 
 -0.98170203   2.49233246  -0.78815913  -1.88974154  -2.12335348 
 -0.98251837   2.49303102  -0.78840238  -1.88978696  -2.12333250 
 -0.98218817   2.49242568  -0.78812987  -1.88937509  -2.12311077 
 -0.98160875   2.49260855  -0.78787333  -1.88987362  -2.12349129 
 -0.98217452   2.49275374  -0.78849250  -1.89028561  -2.12365103 
 -0.98210025   2.49242496  -0.78773695  -1.88975644  -2.12322474 
 -0.98178810   2.49219441  -0.78907412  -1.88962066  -2.12305951 
 -0.98291534   2.49322987  -0.78808939  -1.88969636  -2.12342334 
 -0.98228770   2.49205899  -0.78823066  -1.88950789  -2.12329960 
 -0.98231053   2.49184847  -0.78824693  -1.88869107  -2.12308002 
 -0.98269045   2.49164224  -0.78746599  -1.88887155  -2.12313628 
 -0.98216015   2.49242401  -0.78820002  -1.88947690  -2.12363601 
 -0.98143584   2.49212885  -0.78830600  -1.89012432  -2.12322593 
 -0.98238426   2.49244952  -0.78802860  -1.88926029  -2.12337208 
 -0.98194844   2.49271297  -0.78844017  -1.88984096  -2.12287164 
 -0.98241389   2.49270082  -0.78820825  -1.89006054  -2.12337661 
 -0.98222148   2.49258327  -0.78837430  -1.88913608  -2.12366915 
 -0.98233235   2.49206161  -0.78813559  -1.88890755  -2.12357831 
 -0.98234051   2.49235487  -0.78838187  -1.88894629  -2.12320518 
 -0.98260772   2.49244881  -0.78830206  -1.88896847  -2.12328386 
 -0.98215246   2.49212790  -0.78831893  -1.88889086  -2.12314010 
 -0.98194712   2.49269533  -0.78818452  -1.88973582  -2.12332582 
 -0.98221505   2.49208379  -0.78896016  -1.88882530  -2.12321782 
 -0.98223013   2.49203229  -0.78830487  -1.88887691  -2.12331223 
 -0.98179471   2.49258566  -0.78794605  -1.89034319  -2.12313700 
 -0.98243994   2.49266100  -0.78804839  -1.88925409  -2.12331271 
 -0.98160505   2.49211073  -0.78820330  -1.88960886  -2.12324476 
 -0.98271376   2.49303985  -0.78818852  -1.88969553  -2.12325573 
 -0.98294187   2.49256349  -0.78786552  -1.88955092  -2.12363982 
 -0.98208451   2.49279237  -0.78843296  -1.89002669  -2.12304497 
 -0.98266405   2.49311519  -0.78870159  -1.88954222  -2.12316704 
 -0.98232400   2.49275231  -0.78847069  -1.88968861  -2.12347484 
 -0.98212379   2.49245167  -0.78831768  -1.88967264  -2.12316036 
 -0.98265707   2.49296117  -0.78780985  -1.88960814  -2.12403083 
 -0.98216635   2.49222732  -0.78884506  -1.88905191  -2.12371540 
 -0.98234463   2.49232411  -0.78825355  -1.88931465  -2.12359881 
 -0.98310989   2.49318457  -0.78824615  -1.88949382  -2.12308311 
 -0.98219502   2.49253082  -0.78807926  -1.88973832  -2.12325120 
 -0.98271698   2.49325109  -0.78814769  -1.88979816  -2.12348866 
 -0.98283792   2.49259782  -0.78832662  -1.88945007  -2.12350512 
 -0.98229849   2.49224830  -0.78818518  -1.88981664  -2.12320924 
 -0.98265249   2.49262333  -0.78845096  -1.88938439  -2.12295580 
 -0.98234171   2.49332547  -0.78838420  -1.88990617  -2.12381434 
 -0.98178130   2.49248910  -0.78819340  -1.88939941  -2.12342262 
 -0.98257709   2.49295807  -0.78836668  -1.88943088  -2.12357593 
 -0.98234814   2.49321795  -0.78803223  -1.89050055  -2.12373018 
 -0.98187739   2.49219418  -0.78787816  -1.88989305  -2.12309051 
 -0.98236233   2.49251246  -0.78849894  -1.88950896  -2.12293744 
 -0.98164362   2.49269891  -0.78856409  -1.89044833  -2.12263441 
 -0.98208034   2.49185848  -0.78810728  -1.88917017  -2.12273264 
 -0.98261541   2.49206257  -0.78858304  -1.88885379  -2.12357092 
 -0.98222524   2.49229455  -0.78848791  -1.88937294  -2.12351847 
 -0.98222435   2.49279928  -0.78827065  -1.89014435  -2.12336254 
 -0.98207045   2.49239898  -0.78763974  -1.88968122  -2.12377381 
 -0.98242974   2.49308109  -0.78856492  -1.89006150  -2.12316179 
 -0.98243266   2.49283648  -0.78847665  -1.88970089  -2.12399054 
 -0.98272914   2.49309063  -0.78857714  -1.88967860  -2.12377882 
 -0.98200291   2.49257135  -0.78908187  -1.88948560  -2.12358665 
 -0.98232454   2.49256468  -0.78875661  -1.88974833  -2.12355542 
 -0.98197037   2.49284840  -0.78867769  -1.89000511  -2.12313914 
 -0.98242074   2.49250507  -0.78771013  -1.88977492  -2.12359691 
 -0.98263395   2.49264860  -0.78796887  -1.88978338  -2.12318540 
 -0.98262322   2.49239564  -0.78842497  -1.88951302  -2.12281442 
 -0.98242831   2.49214959  -0.78848237  -1.88948238  -2.12286258 
 -0.98209691   2.49288273  -0.78858858  -1.88959157  -2.12380719 
 -0.98236203   2.49262762  -0.78803688  -1.88992226  -2.12356758 
 -0.98234493   2.49232650  -0.78807259  -1.88940537  -2.12347651 
 -0.98255330   2.49244690  -0.78778249  -1.88934588  -2.12359977 
 -0.98245525   2.49273467  -0.78828049  -1.88930976  -2.12366343 
 -0.98305589   2.49273491  -0.78803080  -1.88938367  -2.12349963 
 -0.98269647   2.49315000  -0.78831035  -1.88931501  -2.12351298 
 -0.98212641   2.49262166  -0.78835016  -1.88980031  -2.12322998 
 -0.98197955   2.49235225  -0.78784668  -1.88977909  -2.12334085 
 -0.98209018   2.49226165  -0.78830785  -1.88957024  -2.12361097 
 -0.98211956   2.49240136  -0.78840709  -1.88940835  -2.12331629 
 -0.98224914   2.49294734  -0.78818429  -1.88937843  -2.12355876 
 -0.98211992   2.49232912  -0.78804916  -1.88980985  -2.12332487 
 -0.98251635   2.49245739  -0.78834105  -1.88912976  -2.12340498 
 -0.98248833   2.49270678  -0.78830290  -1.88954759  -2.12314320 
 -0.98242152   2.49302316  -0.78744155  -1.89081478  -2.12373400 
 -0.98181802   2.49221277  -0.78851956  -1.88993514  -2.12285495 
 -0.98251945   2.49199653  -0.78841668  -1.88964748  -2.12311363 
 -0.98239934   2.49280763  -0.78808939  -1.88948190  -2.12319398 
 -0.98276865   2.49291110  -0.78920144  -1.88890469  -2.12303400 
 -0.98260152   2.49293494  -0.78824645  -1.88992882  -2.12316346 
 -0.98199177   2.49257731  -0.78841621  -1.88962948  -2.12360239 
 -0.98235714   2.49258161  -0.78850764  -1.88963151  -2.12275791 
 -0.98261070   2.49212337  -0.78833395  -1.88863802  -2.12350035 
 -0.98234963   2.49290013  -0.78805804  -1.88963306  -2.12346506 
 -0.98232579   2.49267817  -0.78859198  -1.88964403  -2.12304950 
 -0.98233902   2.49322510  -0.78784746  -1.89011610  -2.12408352 
 -0.98217964   2.49226117  -0.78860515  -1.88942277  -2.12343836 
 -0.98220932   2.49235082  -0.78852528  -1.88991439  -2.12308693 
 -0.98159796   2.49235249  -0.78891540  -1.88995135  -2.12268186 
 -0.98268300   2.49287629  -0.78850013  -1.89001477  -2.12359834 
 -0.98196816   2.49205685  -0.78825343  -1.88947654  -2.12312055 
 -0.98210400   2.49282479  -0.78837818  -1.89032269  -2.12331176 
 -0.98279428   2.49253058  -0.78832132  -1.88956606  -2.12297225 
 -0.98196852   2.49257684  -0.78844965  -1.88950861  -2.12347484 
 -0.98267251   2.49292755  -0.78807497  -1.88965237  -2.12394929 
 -0.98277783   2.49234128  -0.78744704  -1.88867664  -2.12349200 
 -0.98264116   2.49328709  -0.78871453  -1.88992858  -2.12289953 
 -0.98210710   2.49260092  -0.78846753  -1.88978851  -2.12354064 
 -0.98199350   2.49275374  -0.78888726  -1.88986862  -2.12342691 
 -0.98251295   2.49291396  -0.78825098  -1.88976729  -2.12312102 
 -0.98241901   2.49283886  -0.78803933  -1.88990963  -2.12325549 
 -0.98252589   2.49220753  -0.78825235  -1.88857508  -2.12322259 
 -0.98276883   2.49271727  -0.78803247  -1.89007425  -2.12311935 
 -0.98250508   2.49278378  -0.78850120  -1.88930368  -2.12319589 
 -0.98198271   2.49265862  -0.78829157  -1.88926435  -2.12396884 
 -0.98243463   2.49254942  -0.78805125  -1.88958037  -2.12305927 
 -0.98232174   2.49254179  -0.78810084  -1.88988423  -2.12308121 
 -0.98224062   2.49205589  -0.78802150  -1.89004385  -2.12278152 
 -0.98227954   2.49284124  -0.78842431  -1.88998747  -2.12291336 
 -0.98240453   2.49260163  -0.78822875  -1.88997650  -2.12330437 
 -0.98198628   2.49183822  -0.78835243  -1.88943624  -2.12390685 
 -0.98272985   2.49317861  -0.78855985  -1.88947117  -2.12308908 
 -0.98224354   2.49284172  -0.78762007  -1.88941205  -2.12398148 
 -0.98277253   2.49319029  -0.78880149  -1.88961697  -2.12304306 
 -0.98199648   2.49241376  -0.78787857  -1.88995278  -2.12355375 
 -0.98245943   2.49286675  -0.78831488  -1.88938522  -2.12333608 
 -0.98150080   2.49312282  -0.78856218  -1.89078665  -2.12334895 
 -0.98214388   2.49244714  -0.78920448  -1.88972723  -2.12281990 
 -0.98223895   2.49247694  -0.78819734  -1.88905990  -2.12314820 
 -0.98227739   2.49293661  -0.78835744  -1.89013600  -2.12332034 
 -0.98266941   2.49249291  -0.78826517  -1.88965368  -2.12347102 
 -0.98228121   2.49198484  -0.78816861  -1.88892496  -2.12360382 
 -0.98165089   2.49266672  -0.78847086  -1.89004898  -2.12301230 
 -0.98241109   2.49276686  -0.78806645  -1.88993859  -2.12367225 
 -0.98268449   2.49272132  -0.78846473  -1.88962758  -2.12359238 
 -0.98241895   2.49289036  -0.78879207  -1.88945520  -2.12318873 
 -0.98168045   2.49191117  -0.78756303  -1.88982391  -2.12344861 
 -0.98228407   2.49240613  -0.78852010  -1.88945115  -2.12377524 
 -0.98319387   2.49243855  -0.78809273  -1.88929343  -2.12353182 
 -0.98215055   2.49209261  -0.78854895  -1.88914657  -2.12319326 
 -0.98251528   2.49208236  -0.78873521  -1.88930798  -2.12280941 
 -0.98290461   2.49288440  -0.78808886  -1.88919294  -2.12365150 
 -0.98274332   2.49236536  -0.78777105  -1.88922405  -2.12316608 
 -0.98217309   2.49314260  -0.78867716  -1.89011276  -2.12323213 
 -0.98230660   2.49298120  -0.78890342  -1.88908899  -2.12339973 
 -0.98265064   2.49266529  -0.78857929  -1.88937020  -2.12329459 
 -0.98235232   2.49279237  -0.78793705  -1.88997304  -2.12320614 
 -0.98261529   2.49290228  -0.78852034  -1.88965714  -2.12310457 
 -0.98239231   2.49285078  -0.78813201  -1.88970947  -2.12300611 
 -0.98267263   2.49285793  -0.78825074  -1.88910615  -2.12372804 
 -0.98208523   2.49245596  -0.78829676  -1.88945818  -2.12294197 
 -0.98233843   2.49266338  -0.78793150  -1.89001095  -2.12310314 
 -0.98269814   2.49231100  -0.78819180  -1.88902533  -2.12297940 
 -0.98286140   2.49307418  -0.78849459  -1.88935387  -2.12331820 
 -0.98218340   2.49287772  -0.78848141  -1.88962734  -2.12351155 
 -0.98285705   2.49305964  -0.78822172  -1.88966393  -2.12341642 
 -0.98233080   2.49284005  -0.78824937  -1.88959539  -2.12316132 
 -0.98172975   2.49308205  -0.78845453  -1.89049602  -2.12360859 
 -0.98224574   2.49235344  -0.78881836  -1.88873005  -2.12344003 
 -0.98245502   2.49248004  -0.78812462  -1.88935709  -2.12391376 
 -0.98247415   2.49283957  -0.78851873  -1.88971519  -2.12334299 
 -0.98229975   2.49201965  -0.78839195  -1.88884747  -2.12334871 
 -0.98189884   2.49265456  -0.78820109  -1.89018035  -2.12365842 
 -0.98239380   2.49256611  -0.78835064  -1.88945401  -2.12316561 
 -0.98214084   2.49234724  -0.78828651  -1.88946557  -2.12325335 
 -0.98224169   2.49240899  -0.78854245  -1.88942516  -2.12306046 
 -0.98199463   2.49223495  -0.78808683  -1.88952351  -2.12316084 
 -0.98288196   2.49223161  -0.78806692  -1.88888812  -2.12356305 
 -0.98234433   2.49276090  -0.78875124  -1.88951933  -2.12367821 
 -0.98200399   2.49279690  -0.78840965  -1.89019263  -2.12358785 
 -0.98240489   2.49269104  -0.78883046  -1.88929474  -2.12289023 
 -0.98277056   2.49228144  -0.78850889  -1.88875782  -2.12359428 
 -0.98228514   2.49269652  -0.78803736  -1.88978183  -2.12357950 
 -0.98241639   2.49232721  -0.78853500  -1.88925409  -2.12326407 
 -0.98189735   2.49234128  -0.78811061  -1.88955867  -2.12361550 
 -0.98253542   2.49237871  -0.78800565  -1.88936269  -2.12332892 
 -0.98246062   2.49296641  -0.78806645  -1.88981068  -2.12355995 
 -0.98264390   2.49253488  -0.78821468  -1.88982344  -2.12325120 
 -0.98218584   2.49186587  -0.78839064  -1.88937879  -2.12328124 
 -0.98248488   2.49212646  -0.78837460  -1.88955462  -2.12293243 
 -0.98223561   2.49218130  -0.78812647  -1.89009380  -2.12326980 
 -0.98246366   2.49250770  -0.78823745  -1.88973045  -2.12301397 
 -0.98241514   2.49242830  -0.78804177  -1.88954568  -2.12352443 
 -0.98219973   2.49225163  -0.78844196  -1.88955343  -2.12308335 
 -0.98241484   2.49304056  -0.78847653  -1.89005947  -2.12331748 
 -0.98190397   2.49273276  -0.78794605  -1.88984048  -2.12360454 
 -0.98251694   2.49250627  -0.78831267  -1.88930261  -2.12326407 
 -0.98255116   2.49229741  -0.78827554  -1.88950431  -2.12334895 
 -0.98212075   2.49215317  -0.78870142  -1.88907003  -2.12300444 
 -0.98248947   2.49225044  -0.78850281  -1.88898039  -2.12344527 
 -0.98228598   2.49280572  -0.78869909  -1.88956082  -2.12330198 
 -0.98216707   2.49190211  -0.78839397  -1.88948786  -2.12360144 
 -0.98279095   2.49270988  -0.78816146  -1.89064956  -2.12310696 
 -0.98232585   2.49230886  -0.78826791  -1.89010131  -2.12317061 
 -0.98202771   2.49218178  -0.78847766  -1.88933909  -2.12295461 
 -0.98190463   2.49237347  -0.78859180  -1.88919973  -2.12371492 
 -0.98208988   2.49243879  -0.78844106  -1.88941085  -2.12289381 
 -0.98233634   2.49233985  -0.78817749  -1.88917398  -2.12355542 
 -0.98260492   2.49211240  -0.78834736  -1.88930392  -2.12340808 
 -0.98264056   2.49274540  -0.78849179  -1.88932836  -2.12327170 
 -0.98230356   2.49248481  -0.78835177  -1.88900459  -2.12331367 
 -0.98254937   2.49245167  -0.78826004  -1.88950968  -2.12364459 
 -0.98246980   2.49265909  -0.78888834  -1.88929307  -2.12334824 
 -0.98282146   2.49305844  -0.78794873  -1.89021039  -2.12349629 
 -0.98283744   2.49278903  -0.78800821  -1.88924515  -2.12333393 
 -0.98302662   2.49265981  -0.78846693  -1.88903725  -2.12284374 
 -0.98210454   2.49310541  -0.78824520  -1.89012098  -2.12378407 
 -0.98237789   2.49263334  -0.78827661  -1.88947880  -2.12296319 
 -0.98256463   2.49330211  -0.78812987  -1.89012301  -2.12352085 
 -0.98238802   2.49321008  -0.78880203  -1.88964748  -2.12331271 
 -0.98284382   2.49319267  -0.78813881  -1.88964128  -2.12321162 
 -0.98286939   2.49282455  -0.78813058  -1.88948238  -2.12327528 
 -0.98194069   2.49249482  -0.78866136  -1.88932633  -2.12324333 
 -0.98251641   2.49262071  -0.78802514  -1.88985634  -2.12367630 
 -0.98249620   2.49233222  -0.78878909  -1.88922083  -2.12348056 
 -0.98204011   2.49186945  -0.78860152  -1.88955307  -2.12342548 
 -0.98248231   2.49291801  -0.78832132  -1.88986838  -2.12357140 
 -0.98228842   2.49245977  -0.78878105  -1.88907731  -2.12334466 
 -0.98245686   2.49295592  -0.78836554  -1.88955772  -2.12338352 
 -0.98271573   2.49225688  -0.78831095  -1.88925791  -2.12277198 
 -0.98238820   2.49235058  -0.78826261  -1.88967454  -2.12325072 
 -0.98244667   2.49249077  -0.78792512  -1.88979149  -2.12377071 
 -0.98207420   2.49264932  -0.78813547  -1.88979423  -2.12304068 
 -0.98249245   2.49305797  -0.78829861  -1.88970315  -2.12323380 
 -0.98234636   2.49312425  -0.78895468  -1.88969409  -2.12343454 
 -0.98269677   2.49279785  -0.78820479  -1.88947678  -2.12289453 
 -0.98230100   2.49245214  -0.78877848  -1.88953769  -2.12348461 
 -0.98266494   2.49273109  -0.78857172  -1.88950896  -2.12321019 
 -0.98272002   2.49232173  -0.78816086  -1.88940692  -2.12347794 
 -0.98234159   2.49253106  -0.78830671  -1.88955736  -2.12304664 
 -0.98188901   2.49131370  -0.78848034  -1.88882649  -2.12308836 
 -0.98251820   2.49214506  -0.78839713  -1.88922703  -2.12302804 
 -0.98236907   2.49196029  -0.78830802  -1.88955605  -2.12294054 
 -0.98187846   2.49292445  -0.78803986  -1.89023173  -2.12346077 
 -0.98189050   2.49288559  -0.78882509  -1.88988030  -2.12309670 
 -0.98206723   2.49233890  -0.78847039  -1.88975310  -2.12365389 
 -0.98298728   2.49309993  -0.78836995  -1.88951588  -2.12330675 
 -0.98251438   2.49254894  -0.78835821  -1.88994694  -2.12339449 
 -0.98229712   2.49232912  -0.78841788  -1.88917577  -2.12321687 
 -0.98104358   2.49131632  -0.78825939  -1.88969541  -2.12325311 
 -0.98272032   2.49220538  -0.78852665  -1.88912129  -2.12368774 
 -0.98264980   2.49251580  -0.78844130  -1.88925028  -2.12309170 
 -0.98243153   2.49307799  -0.78873610  -1.88951457  -2.12336373 
 -0.98234832   2.49272490  -0.78818500  -1.89029336  -2.12326503 
 -0.98121428   2.49172950  -0.78832603  -1.88967288  -2.12330365 
 -0.98210514   2.49198246  -0.78854811  -1.88913226  -2.12333012 
 -0.98171115   2.49259448  -0.78884590  -1.88958156  -2.12386107 
 -0.98246974   2.49262142  -0.78837812  -1.88892102  -2.12368274 
 -0.98187274   2.49224758  -0.78895718  -1.88950336  -2.12280321 
 -0.98242593   2.49218345  -0.78814530  -1.88923645  -2.12325001 
 -0.98251277   2.49290395  -0.78843540  -1.88958895  -2.12347651 
 -0.98257262   2.49262929  -0.78858811  -1.88959897  -2.12339067 
 -0.98253757   2.49284482  -0.78816462  -1.88960588  -2.12354326 
 -0.98190206   2.49245715  -0.78846735  -1.88948822  -2.12335181 
 -0.98238993   2.49168253  -0.78844732  -1.88906586  -2.12316775 
 -0.98234361   2.49290109  -0.78836966  -1.88966286  -2.12334228 
 -0.98202688   2.49289727  -0.78885871  -1.88974166  -2.12322164 
 -0.98202264   2.49283075  -0.78830463  -1.88998854  -2.12352848 
 -0.98276538   2.49292016  -0.78849691  -1.88922501  -2.12348795 
 -0.98222154   2.49259496  -0.78829193  -1.88957810  -2.12341571 
 -0.98248821   2.49285531  -0.78845733  -1.88928580  -2.12300324 
 -0.98204684   2.49203801  -0.78846592  -1.88918579  -2.12312174 
 -0.98123068   2.49260044  -0.78832251  -1.89048028  -2.12346506 
 -0.98277038   2.49252105  -0.78840488  -1.88956153  -2.12304759 
 -0.98243082   2.49205685  -0.78868026  -1.88848972  -2.12363172 
 -0.98229581   2.49234581  -0.78832597  -1.88926840  -2.12323594 
 -0.98252171   2.49245906  -0.78817159  -1.88919568  -2.12310934 
 -0.98275489   2.49291992  -0.78789496  -1.89001226  -2.12325239 
 -0.98234427   2.49241638  -0.78844380  -1.88896787  -2.12311244 
 -0.98262668   2.49226594  -0.78859538  -1.88920557  -2.12309909 
 -0.98271191   2.49250126  -0.78805339  -1.88928866  -2.12335396 
 -0.98211670   2.49264359  -0.78811651  -1.88961673  -2.12347221 
 -0.98226392   2.49217963  -0.78860199  -1.88927567  -2.12291479 
 -0.98220247   2.49216104  -0.78872722  -1.88941085  -2.12294722 
 -0.98243499   2.49253035  -0.78782713  -1.88966155  -2.12312913 
 -0.98205107   2.49242902  -0.78832191  -1.88983166  -2.12340140 
 -0.98180920   2.49225450  -0.78908098  -1.88957274  -2.12328625 
 -0.98246372   2.49305677  -0.78812784  -1.88973975  -2.12364817 
 -0.98236620   2.49281955  -0.78898567  -1.88921452  -2.12337708 
 -0.98238862   2.49209499  -0.78872061  -1.88881505  -2.12261343 
 -0.98227865   2.49273682  -0.78773725  -1.88973749  -2.12332630 
 -0.98229045   2.49294996  -0.78838009  -1.89009476  -2.12353969 
 -0.98281562   2.49234891  -0.78796077  -1.88923550  -2.12355995 
 -0.98212880   2.49223542  -0.78811026  -1.88921487  -2.12362313 
 -0.98282665   2.49276662  -0.78795075  -1.88941038  -2.12300014 
 -0.98262006   2.49260092  -0.78861403  -1.88919747  -2.12342334 
 -0.98229736   2.49262881  -0.78829110  -1.88943768  -2.12394619 
 -0.98182607   2.49217749  -0.78880256  -1.88914633  -2.12326980 
 -0.98233795   2.49250388  -0.78813756  -1.89005673  -2.12336540 
 -0.98212725   2.49255061  -0.78779638  -1.88986027  -2.12325311 
 -0.98213047   2.49233651  -0.78833145  -1.88955069  -2.12349510 
 -0.98252857   2.49205470  -0.78877085  -1.88878822  -2.12325501 
 -0.98255384   2.49262714  -0.78820044  -1.88973749  -2.12259507 
 -0.98259342   2.49328065  -0.78795189  -1.89002466  -2.12362957 
 -0.98239458   2.49246860  -0.78818023  -1.88952553  -2.12327957 
 -0.98227429   2.49229479  -0.78841245  -1.88930881  -2.12288499 
 -0.98272789   2.49309850  -0.78833854  -1.88965821  -2.12360573 
 -0.98233867   2.49207449  -0.78883207  -1.88937485  -2.12253499 
 -0.98182869   2.49248576  -0.78915650  -1.88915896  -2.12339306 
 -0.98168039   2.49195242  -0.78893691  -1.88928509  -2.12334323 
 -0.98227787   2.49281955  -0.78860962  -1.88989365  -2.12353039 
 -0.98257071   2.49245596  -0.78792465  -1.88948166  -2.12325168 
 -0.98212677   2.49273729  -0.78842604  -1.88982773  -2.12330079 
 -0.98166615   2.49232125  -0.78835428  -1.89027941  -2.12330961 
 -0.98265904   2.49214005  -0.78800344  -1.88900769  -2.12289977 
 -0.98261911   2.49297309  -0.78877103  -1.88973808  -2.12268019 
 -0.98226416   2.49230218  -0.78841460  -1.88902450  -2.12346888 
 -0.98254097   2.49243093  -0.78828895  -1.88923526  -2.12303090 
 -0.98240960   2.49246955  -0.78814983  -1.88954175  -2.12326550 
 -0.98255122   2.49323106  -0.78887409  -1.88984966  -2.12326932 
 -0.98205620   2.49215388  -0.78826565  -1.88919199  -2.12324023 
 -0.98230422   2.49299812  -0.78847003  -1.89014506  -2.12295175 
 -0.98308343   2.49255109  -0.78832918  -1.88908601  -2.12372923 
 -0.98258376   2.49301124  -0.78811175  -1.89003336  -2.12327600 
 -0.98235667   2.49195886  -0.78824204  -1.88949430  -2.12349439 
 -0.98199409   2.49296331  -0.78805786  -1.89006436  -2.12370872 
 -0.98264390   2.49266005  -0.78817445  -1.88993752  -2.12348890 
 -0.98193306   2.49253988  -0.78859293  -1.89007902  -2.12334228 
 -0.98237729   2.49250412  -0.78808445  -1.88976812  -2.12299752 
 -0.98232371   2.49273849  -0.78813207  -1.89008236  -2.12374139 
 -0.98206735   2.49282646  -0.78789955  -1.89018154  -2.12314510 
 -0.98221779   2.49194241  -0.78839099  -1.88896441  -2.12345409 
 -0.98310715   2.49303365  -0.78797323  -1.88980746  -2.12380743 
 -0.98182327   2.49256229  -0.78860766  -1.89002824  -2.12328243 
 -0.98231733   2.49216318  -0.78827167  -1.88955176  -2.12303185 
 -0.98205602   2.49223948  -0.78866768  -1.88981557  -2.12334609 
 -0.98219240   2.49227953  -0.78810579  -1.88998830  -2.12367392 
 -0.98200893   2.49277544  -0.78875804  -1.88978243  -2.12308550 
 -0.98283970   2.49296379  -0.78846639  -1.88981974  -2.12290812 
 -0.98289061   2.49278593  -0.78801244  -1.88967490  -2.12328863 
 -0.98202461   2.49254465  -0.78867763  -1.88950241  -2.12325907 
 -0.98230100   2.49239945  -0.78847331  -1.88939500  -2.12348557 
 -0.98185498   2.49258399  -0.78859437  -1.88995051  -2.12354398 
 -0.98238254   2.49222517  -0.78835702  -1.88931835  -2.12328410 
 -0.98209858   2.49259233  -0.78830403  -1.88988042  -2.12359333 
 -0.98240268   2.49276257  -0.78843123  -1.88964975  -2.12334251 
 -0.98257458   2.49249172  -0.78842759  -1.88893986  -2.12339854 
 -0.98272163   2.49233031  -0.78857595  -1.88910210  -2.12312031 
 -0.98259526   2.49330783  -0.78859884  -1.88995612  -2.12361097 
 -0.98291475   2.49267793  -0.78797215  -1.88963950  -2.12325621 
 -0.98267913   2.49303889  -0.78804076  -1.88978112  -2.12345815 
 -0.98225623   2.49175858  -0.78852463  -1.88863349  -2.12306452 
 -0.98227763   2.49248314  -0.78893942  -1.88916898  -2.12332678 
 -0.98232329   2.49294019  -0.78803617  -1.89029157  -2.12378883 
 -0.98243427   2.49265504  -0.78891957  -1.88946557  -2.12282586 
 -0.98233390   2.49268675  -0.78793603  -1.88992047  -2.12331700 
 -0.98240566   2.49272680  -0.78863508  -1.88971937  -2.12338591 
 -0.98206478   2.49252510  -0.78857964  -1.88965833  -2.12310767 
 -0.98285502   2.49321342  -0.78845513  -1.89001095  -2.12318110 
 -0.98235333   2.49270868  -0.78836620  -1.88980305  -2.12354183 
 -0.98168284   2.49252748  -0.78838015  -1.88994801  -2.12347674 
 -0.98246574   2.49251270  -0.78824395  -1.88968980  -2.12336802 
 -0.98229146   2.49235487  -0.78855580  -1.88942683  -2.12296963 
 -0.98203307   2.49240160  -0.78837639  -1.88985205  -2.12337327 
 -0.98231250   2.49218702  -0.78814083  -1.88906991  -2.12352872 
 -0.98310649   2.49298596  -0.78817523  -1.88963437  -2.12320161 
 -0.98225933   2.49259210  -0.78861815  -1.88945293  -2.12353921 
 -0.98290950   2.49274111  -0.78757632  -1.88951242  -2.12399697 
 -0.98228854   2.49297619  -0.78809804  -1.88983393  -2.12368894 
 -0.98256546   2.49260211  -0.78863412  -1.88898301  -2.12340689 
 -0.98168957   2.49246264  -0.78804183  -1.88985503  -2.12338829 
 -0.98249161   2.49261212  -0.78826296  -1.88912618  -2.12335801 
 -0.98179001   2.49270010  -0.78881913  -1.89019370  -2.12321377 
 -0.98279685   2.49249268  -0.78843534  -1.88938785  -2.12349200 
 -0.98182738   2.49255466  -0.78846204  -1.88991475  -2.12292933 
 -0.98216552   2.49324059  -0.78853512  -1.88992119  -2.12353420 
 -0.98258936   2.49236894  -0.78788620  -1.88944781  -2.12322760 
 -0.98242730   2.49332881  -0.78841633  -1.88987470  -2.12355089 
 -0.98195022   2.49256802  -0.78855568  -1.88956642  -2.12259746 
 -0.98204291   2.49249005  -0.78851008  -1.88973069  -2.12321138 
 -0.98244166   2.49275017  -0.78806937  -1.88969314  -2.12365007 
 -0.98198313   2.49218082  -0.78845972  -1.88944447  -2.12316108 
 -0.98250157   2.49244356  -0.78827524  -1.88932884  -2.12287354 
 -0.98232365   2.49271727  -0.78815293  -1.89002383  -2.12331963 
 -0.98260677   2.49280691  -0.78869975  -1.88934982  -2.12282324 
 -0.98205477   2.49250746  -0.78820938  -1.88963461  -2.12343693 
 -0.98225921   2.49267745  -0.78832531  -1.88984764  -2.12305045 
 -0.98180330   2.49243450  -0.78862154  -1.88988602  -2.12383366 
 -0.98219740   2.49272490  -0.78847110  -1.89004302  -2.12333608 
 -0.98253262   2.49288726  -0.78885871  -1.88965464  -2.12311387 
 -0.98280329   2.49284816  -0.78853917  -1.88935518  -2.12383389 
 -0.98250133   2.49276567  -0.78848958  -1.88993382  -2.12279797 
 -0.98220479   2.49241686  -0.78824931  -1.88954985  -2.12324119 
 -0.98229617   2.49232531  -0.78811657  -1.88941741  -2.12320876 
 -0.98262477   2.49300623  -0.78856015  -1.88967979  -2.12342739 
 -0.98211151   2.49261761  -0.78829640  -1.88986766  -2.12339950 
 -0.98208547   2.49253798  -0.78800029  -1.88990700  -2.12362933 
 -0.98218846   2.49291277  -0.78803498  -1.89048731  -2.12325740 
 -0.98245412   2.49240875  -0.78813928  -1.88983607  -2.12291074 
 -0.98253030   2.49180293  -0.78846335  -1.88826227  -2.12295723 
 -0.98218751   2.49275589  -0.78890145  -1.88951766  -2.12323785 
 -0.98254925   2.49261475  -0.78835005  -1.88936281  -2.12292838 
 -0.98187733   2.49219990  -0.78845435  -1.88940406  -2.12301040 
 -0.98251820   2.49327111  -0.78807020  -1.88912094  -2.12309027 
 -0.98223728   2.49261212  -0.78879291  -1.88983858  -2.12325525 
 -0.98251641   2.49308729  -0.78835452  -1.88961840  -2.12341475 
 -0.98193794   2.49255300  -0.78809708  -1.88987184  -2.12324405 
 -0.98246962   2.49310303  -0.78822714  -1.88944185  -2.12326527 
 -0.98225522   2.49232125  -0.78834397  -1.88942134  -2.12309527 
 -0.98238635   2.49255371  -0.78775388  -1.88937604  -2.12324715 
 -0.98229170   2.49219227  -0.78792548  -1.88970494  -2.12333417 
 -0.98272616   2.49380255  -0.78836876  -1.89021337  -2.12337089 
 -0.98245203   2.49212074  -0.78831851  -1.88920963  -2.12323380 
 -0.98293692   2.49281240  -0.78838837  -1.88949811  -2.12292480 
 -0.98280358   2.49295974  -0.78812635  -1.88943815  -2.12329435 
 -0.98215073   2.49253488  -0.78797060  -1.89025986  -2.12287188 
 -0.98229313   2.49239397  -0.78832722  -1.88936782  -2.12326407 
 -0.98231941   2.49286032  -0.78823012  -1.88945961  -2.12347698 
 -0.98246741   2.49227571  -0.78839475  -1.89007938  -2.12350798 
 -0.98262835   2.49194193  -0.78859818  -1.88914847  -2.12359357 
 -0.98270184   2.49182653  -0.78788114  -1.88963246  -2.12321401 
 -0.98236078   2.49229407  -0.78823209  -1.88908005  -2.12348175 
 -0.98194247   2.49274659  -0.78811401  -1.88987720  -2.12315559 
 -0.98278254   2.49234700  -0.78863597  -1.88938653  -2.12304997 
 -0.98221201   2.49278307  -0.78825945  -1.88986778  -2.12328243 
 -0.98231220   2.49190307  -0.78844386  -1.88907254  -2.12293983 
 -0.98185450   2.49213171  -0.78844386  -1.89020813  -2.12348223 
 -0.98252410   2.49295950  -0.78775299  -1.88946426  -2.12358022 
 -0.98192322   2.49207616  -0.78851360  -1.88982093  -2.12347054 
 -0.98230606   2.49289513  -0.78856885  -1.88971460  -2.12330079 
 -0.98168904   2.49185824  -0.78841311  -1.88931453  -2.12326026 
 -0.98244423   2.49249411  -0.78877366  -1.88901794  -2.12322354 
 -0.98232353   2.49289870  -0.78856093  -1.89008737  -2.12355399 
 -0.98183554   2.49215174  -0.78819662  -1.88947344  -2.12324619 
 -0.98225927   2.49210453  -0.78860021  -1.88933074  -2.12313986 
 -0.98264807   2.49216032  -0.78866410  -1.88931179  -2.12343383 
 -0.98199093   2.49261165  -0.78782314  -1.88962662  -2.12316251 
 -0.98280174   2.49294496  -0.78835040  -1.88951945  -2.12347198 
 -0.98178422   2.49216437  -0.78857446  -1.88956761  -2.12292480 
 -0.98258543   2.49294114  -0.78822798  -1.88946986  -2.12314582 
 -0.98293167   2.49236822  -0.78814220  -1.88946354  -2.12303305 
 -0.98228717   2.49292445  -0.78787458  -1.89008367  -2.12357593 
 -0.98250967   2.49236703  -0.78798091  -1.88914943  -2.12304044 
 -0.98295116   2.49250436  -0.78840995  -1.88958144  -2.12289095 
 -0.98283619   2.49270868  -0.78880543  -1.88922215  -2.12323093 
 -0.98170024   2.49236894  -0.78800464  -1.88923860  -2.12363935 
 -0.98220330   2.49262905  -0.78890079  -1.88936949  -2.12302852 
 -0.98250961   2.49264956  -0.78797346  -1.88955295  -2.12294030 
 -0.98192108   2.49187469  -0.78862739  -1.88929331  -2.12277627 
 -0.98218054   2.49302292  -0.78801036  -1.89012122  -2.12357211 
 -0.98262233   2.49302363  -0.78862917  -1.88961029  -2.12332177 
 -0.98228186   2.49223137  -0.78790104  -1.88965487  -2.12296462 
 -0.98253667   2.49215221  -0.78908336  -1.88887417  -2.12297320 
 -0.98270661   2.49282789  -0.78851229  -1.88958669  -2.12311935 
 -0.98286080   2.49233389  -0.78843623  -1.88898695  -2.12354374 
 -0.98224878   2.49290109  -0.78805798  -1.88962686  -2.12296128 
 -0.98240417   2.49227715  -0.78827941  -1.88904285  -2.12330103 
 -0.98245686   2.49181032  -0.78856885  -1.88895857  -2.12322474 
 -0.98253340   2.49299717  -0.78854185  -1.88973618  -2.12348008 
 -0.98215592   2.49311256  -0.78837472  -1.89028597  -2.12332726 
 -0.98232466   2.49253607  -0.78840643  -1.88946402  -2.12326074 
 -0.98213714   2.49294615  -0.78788692  -1.88981521  -2.12332106 
 -0.98271048   2.49221730  -0.78770334  -1.88892055  -2.12342429 
 -0.98164284   2.49256325  -0.78844339  -1.88976753  -2.12303042 
 -0.98210096   2.49215055  -0.78857362  -1.88896990  -2.12275195 
 -0.98280030   2.49292588  -0.78865707  -1.88920164  -2.12346005 
 -0.98230195   2.49307036  -0.78809822  -1.89002740  -2.12360144 
 -0.98229057   2.49270391  -0.78818393  -1.89007831  -2.12323022 
 -0.98221827   2.49296021  -0.78762209  -1.89023197  -2.12386227 
 -0.98249537   2.49281979  -0.78882009  -1.88987815  -2.12290478 
 -0.98240292   2.49223018  -0.78814614  -1.88922656  -2.12298298 
 -0.98273343   2.49237084  -0.78821427  -1.88933003  -2.12323189 
 -0.98230278   2.49150586  -0.78818643  -1.88872623  -2.12325144 
 -0.98252726   2.49227428  -0.78814656  -1.88937342  -2.12344384 
 -0.98230094   2.49306440  -0.78858703  -1.89010906  -2.12306190 
 -0.98239976   2.49310493  -0.78832513  -1.88968539  -2.12345552 
 -0.98250020   2.49275398  -0.78847790  -1.88927710  -2.12349391 
 -0.98214233   2.49317789  -0.78856999  -1.89030170  -2.12305117 
 -0.98245674   2.49300861  -0.78825903  -1.88968813  -2.12380171 
 -0.98199677   2.49282956  -0.78857499  -1.88983488  -2.12335992 
 -0.98170739   2.49160457  -0.78796691  -1.88943672  -2.12316823 
 -0.98238552   2.49231195  -0.78870070  -1.88843989  -2.12314057 
 -0.98183566   2.49212885  -0.78842390  -1.88976979  -2.12300086 
 -0.98273033   2.49217057  -0.78840631  -1.88924170  -2.12316084 
 -0.98266482   2.49233508  -0.78881931  -1.88900077  -2.12334847 
 -0.98283029   2.49305606  -0.78798848  -1.88976848  -2.12368393 
 -0.98249555   2.49262714  -0.78874612  -1.88945889  -2.12271404 
 -0.98292077   2.49235392  -0.78894848  -1.88911462  -2.12302113 
 -0.98239648   2.49308372  -0.78848618  -1.89016151  -2.12315416 
 -0.98307240   2.49316192  -0.78823823  -1.88950181  -2.12340450 
 -0.98273599   2.49285579  -0.78879756  -1.88908303  -2.12341523 
 -0.98260808   2.49255252  -0.78806931  -1.88941121  -2.12328625 
 -0.98248339   2.49260259  -0.78846198  -1.88954043  -2.12314081 
 -0.98240262   2.49172091  -0.78811067  -1.88845551  -2.12343717 
 -0.98226792   2.49267292  -0.78870058  -1.88946629  -2.12330747 
 -0.98231637   2.49209070  -0.78860861  -1.88892579  -2.12316537 
 -0.98220694   2.49300790  -0.78826469  -1.88968360  -2.12350154 
 -0.98265368   2.49234581  -0.78853476  -1.88947976  -2.12277913 
 -0.98251849   2.49293637  -0.78866875  -1.88978815  -2.12291741 
 -0.98253864   2.49286485  -0.78818452  -1.88911462  -2.12382460 
 -0.98243821   2.49281836  -0.78807551  -1.88987350  -2.12309980 
 -0.98251253   2.49318027  -0.78846103  -1.88988888  -2.12353611 
 -0.98242015   2.49298096  -0.78843880  -1.88984525  -2.12370110 
 -0.98244470   2.49243665  -0.78801435  -1.88968468  -2.12361145 
 -0.98214823   2.49238706  -0.78869832  -1.88941896  -2.12332201 
 -0.98236871   2.49332404  -0.78797179  -1.88965237  -2.12371683 
 -0.98177725   2.49217534  -0.78819352  -1.89072609  -2.12332511 
 -0.98188335   2.49197650  -0.78846270  -1.88886368  -2.12333488 
 -0.98229462   2.49304557  -0.78837436  -1.89020979  -2.12333250 
 -0.98228002   2.49234462  -0.78800458  -1.88970268  -2.12323236 
 -0.98276722   2.49279356  -0.78814769  -1.88961744  -2.12344718 
 -0.98190892   2.49232578  -0.78846580  -1.88947570  -2.12350821 
 -0.98244935   2.49287724  -0.78822273  -1.88965392  -2.12346911 
 -0.98228294   2.49243450  -0.78866082  -1.88984787  -2.12321806 
 -0.98286837   2.49267244  -0.78842264  -1.88991368  -2.12293792 
 -0.98264879   2.49273920  -0.78838980  -1.88982785  -2.12322259 
 -0.98222560   2.49275470  -0.78838962  -1.88952541  -2.12296176 
 -0.98295730   2.49240208  -0.78877759  -1.88850427  -2.12317705 
 -0.98264068   2.49307871  -0.78813201  -1.88971364  -2.12297630 
 -0.98230106   2.49277830  -0.78825885  -1.88954186  -2.12342668 
 -0.98241085   2.49316335  -0.78807020  -1.88998127  -2.12355113 
 -0.98208803   2.49242783  -0.78858674  -1.88944066  -2.12313294 
 -0.98283899   2.49278045  -0.78846675  -1.88931119  -2.12333703 
 -0.98212856   2.49244308  -0.78863889  -1.88960743  -2.12367129 
 -0.98261577   2.49288487  -0.78824371  -1.89010668  -2.12360334 
 -0.98179984   2.49266982  -0.78873795  -1.88966644  -2.12317348 
 -0.98241407   2.49240971  -0.78836405  -1.88940990  -2.12330794 
 -0.98218113   2.49246407  -0.78869599  -1.88930476  -2.12252736 
 -0.98281389   2.49288130  -0.78860819  -1.88917279  -2.12320423 
 -0.98221672   2.49195743  -0.78845423  -1.88895881  -2.12333632 
 -0.98236006   2.49239850  -0.78809601  -1.88952470  -2.12307096 
 -0.98181218   2.49268270  -0.78781277  -1.88993132  -2.12331796 
 -0.98134661   2.49243093  -0.78808618  -1.89014351  -2.12352872 
 -0.98198378   2.49262643  -0.78818750  -1.88964391  -2.12370896 
 -0.98231596   2.49219632  -0.78831029  -1.88959312  -2.12358880 
 -0.98286593   2.49311805  -0.78815311  -1.88963377  -2.12321281 
 -0.98160946   2.49243951  -0.78810966  -1.89005005  -2.12332129 
 -0.98258245   2.49308062  -0.78825122  -1.89042902  -2.12322044 
 -0.98194671   2.49250960  -0.78846890  -1.88978648  -2.12339783 
 -0.98206228   2.49191451  -0.78836322  -1.88919413  -2.12315655 
 -0.98277020   2.49316835  -0.78834647  -1.88991606  -2.12308860 
 -0.98204750   2.49256945  -0.78810954  -1.88969517  -2.12358618 
 -0.98234963   2.49236059  -0.78853762  -1.88953638  -2.12349892 
 -0.98230255   2.49263406  -0.78792292  -1.88954890  -2.12352300 
 -0.98212212   2.49222755  -0.78814447  -1.88927257  -2.12296152 
 -0.98247921   2.49232221  -0.78842562  -1.88907218  -2.12357998 
 -0.98207808   2.49224305  -0.78866017  -1.88941908  -2.12317681 
 -0.98279756   2.49252295  -0.78826779  -1.88959169  -2.12328029 
 -0.98264724   2.49299407  -0.78860438  -1.88966799  -2.12300897 
 -0.98215169   2.49188709  -0.78851223  -1.88953209  -2.12282658 
 -0.98268116   2.49256706  -0.78791022  -1.88994658  -2.12356520 
 -0.98288888   2.49242711  -0.78815818  -1.88890040  -2.12347889 
 -0.98199487   2.49263477  -0.78873461  -1.88995039  -2.12290764 
 -0.98263735   2.49276185  -0.78781581  -1.88935935  -2.12382293 
 -0.98195446   2.49252081  -0.78841925  -1.89006960  -2.12333751 
 -0.98220509   2.49289727  -0.78871173  -1.89016438  -2.12341785 
 -0.98303938   2.49230266  -0.78773630  -1.88841498  -2.12330747 
 -0.98228914   2.49271202  -0.78857040  -1.88906372  -2.12310100 
 -0.98257905   2.49223590  -0.78800464  -1.88936031  -2.12339640 
 -0.98263979   2.49260211  -0.78864968  -1.88890445  -2.12340021 
 -0.98274821   2.49259448  -0.78783143  -1.88941407  -2.12349510 
 -0.98255378   2.49248028  -0.78876489  -1.88943851  -2.12309408 
 -0.98227811   2.49233341  -0.78851074  -1.88982856  -2.12350368 
 -0.98180735   2.49259973  -0.78802282  -1.89014423  -2.12346792 
 -0.98161662   2.49253106  -0.78818005  -1.89007270  -2.12293696 
 -0.98221099   2.49278140  -0.78834558  -1.88973749  -2.12291026 
 -0.98214507   2.49280047  -0.78848845  -1.89003646  -2.12355590 
 -0.98234558   2.49261904  -0.78851968  -1.88946533  -2.12320399 
 -0.98186815   2.49149179  -0.78805900  -1.88913846  -2.12327862 
 -0.98235941   2.49276137  -0.78857988  -1.88913357  -2.12360072 
 -0.98179990   2.49257565  -0.78842378  -1.89028955  -2.12333560 
 -0.98242855   2.49209189  -0.78793621  -1.88926625  -2.12377572 
 -0.98277962   2.49248075  -0.78824580  -1.88944733  -2.12310147 
 -0.98226452   2.49248385  -0.78837889  -1.89014518  -2.12329030 
 -0.98272371   2.49302268  -0.78767574  -1.89002919  -2.12369895 
 -0.98240292   2.49253106  -0.78841323  -1.88920343  -2.12327552 
 -0.98225588   2.49266720  -0.78845209  -1.88984406  -2.12379861 
 -0.98246020   2.49256563  -0.78819895  -1.88983917  -2.12333846 
 -0.98247576   2.49315023  -0.78841317  -1.88983035  -2.12341547 
 -0.98228443   2.49244046  -0.78827882  -1.88891387  -2.12335181 
 -0.98189998   2.49264956  -0.78827488  -1.88966358  -2.12321687 
 -0.98212028   2.49222136  -0.78830934  -1.88925707  -2.12304330 
 -0.98211122   2.49161315  -0.78907472  -1.88892460  -2.12343597 
 -0.98285604   2.49334502  -0.78839970  -1.88986337  -2.12337756 
 -0.98225105   2.49291611  -0.78850377  -1.89009178  -2.12311220 
 -0.98245466   2.49184752  -0.78810108  -1.88921142  -2.12283683 
 -0.98205119   2.49258709  -0.78842115  -1.88946426  -2.12334085 
 -0.98276854   2.49269605  -0.78809738  -1.88940156  -2.12315321 
 -0.98212367   2.49289179  -0.78824753  -1.89001787  -2.12397003 
 -0.98239595   2.49255681  -0.78780133  -1.88960040  -2.12380123 
 -0.98261321   2.49362612  -0.78756833  -1.89068794  -2.12345600 
 -0.98220134   2.49222732  -0.78872877  -1.88962686  -2.12334490 
 -0.98219270   2.49244738  -0.78832358  -1.88927662  -2.12314487 
 -0.98254925   2.49247551  -0.78848690  -1.88942003  -2.12284040 
 -0.98233801   2.49254489  -0.78840268  -1.88987470  -2.12314057 
 -0.98303777   2.49247074  -0.78785622  -1.88906956  -2.12315083 
 -0.98234648   2.49266553  -0.78833747  -1.88940918  -2.12356114 
 -0.98250806   2.49225044  -0.78809851  -1.88898826  -2.12357950 
 -0.98260796   2.49287653  -0.78856665  -1.88947952  -2.12366033 
 -0.98213547   2.49241805  -0.78854036  -1.88913345  -2.12338567 
 -0.98293215   2.49303746  -0.78833407  -1.88959682  -2.12317991 
 -0.98253381   2.49217439  -0.78820503  -1.88908052  -2.12323189 
 -0.98199898   2.49245071  -0.78843755  -1.88928175  -2.12351346 
 -0.98252434   2.49251008  -0.78798538  -1.88961327  -2.12339520 
 -0.98275959   2.49339342  -0.78903455  -1.88946903  -2.12378907 
 -0.98270321   2.49244523  -0.78899050  -1.88918781  -2.12298512 
 -0.98233235   2.49249172  -0.78882319  -1.88963354  -2.12338972 
 -0.98245806   2.49299884  -0.78883839  -1.88979876  -2.12309241 
 -0.98310220   2.49288964  -0.78829062  -1.88866007  -2.12370920 
 -0.98232001   2.49211574  -0.78824908  -1.88895071  -2.12293434 
 -0.98179334   2.49258423  -0.78829396  -1.89031065  -2.12321424 
 -0.98225433   2.49206710  -0.78829432  -1.88895774  -2.12318540 
 -0.98162436   2.49199724  -0.78848392  -1.88953888  -2.12318945 
 -0.98252690   2.49294233  -0.78838879  -1.88947558  -2.12309241 
 -0.98227286   2.49279523  -0.78782022  -1.88961458  -2.12352157 
 -0.98257756   2.49267268  -0.78901660  -1.88984823  -2.12317824 
 -0.98272961   2.49286342  -0.78769040  -1.88971090  -2.12314677 
 -0.98241729   2.49213600  -0.78789979  -1.88943529  -2.12307477 
 -0.98293585   2.49224234  -0.78845215  -1.88894296  -2.12315345 
 -0.98246360   2.49243665  -0.78850299  -1.88904595  -2.12338519 
 -0.98281074   2.49229789  -0.78790128  -1.88920927  -2.12322044 
 -0.98234457   2.49248886  -0.78718436  -1.89010477  -2.12375379 
 -0.98206872   2.49275589  -0.78817648  -1.89011192  -2.12277555 
 -0.98204166   2.49223351  -0.78853208  -1.88954759  -2.12327003 
 -0.98276055   2.49289942  -0.78814942  -1.88939416  -2.12340927 
 -0.98256081   2.49259472  -0.78784394  -1.88997722  -2.12327170 
 -0.98228854   2.49266624  -0.78811127  -1.88973999  -2.12358642 
 -0.98232889   2.49266362  -0.78804731  -1.88956678  -2.12394857 
 -0.98209655   2.49242854  -0.78889817  -1.88937008  -2.12297845 
 -0.98213011   2.49242330  -0.78830731  -1.88972199  -2.12278819 
 -0.98279333   2.49294734  -0.78832531  -1.88971293  -2.12341833 
 -0.98297721   2.49292731  -0.78826094  -1.89003932  -2.12339187 
 -0.98243535   2.49303222  -0.78882313  -1.88973224  -2.12376690 
 -0.98259920   2.49245143  -0.78804755  -1.88949883  -2.12321758 
 -0.98226613   2.49350238  -0.78807354  -1.89071047  -2.12323475 
 -0.98216093   2.49300027  -0.78819710  -1.88993025  -2.12382269 
 -0.98263079   2.49293923  -0.78809714  -1.89034009  -2.12334418 
 -0.98253447   2.49258900  -0.78853464  -1.88891494  -2.12382674 
 -0.98245859   2.49278784  -0.78830612  -1.88962960  -2.12325120 
 -0.98240358   2.49239397  -0.78788412  -1.88952017  -2.12363505 
 -0.98235768   2.49252486  -0.78835487  -1.88966060  -2.12318182 
 -0.98247808   2.49223638  -0.78841460  -1.88923621  -2.12332726 
 -0.98189580   2.49250793  -0.78858054  -1.88973343  -2.12349057 
 -0.98289788   2.49221969  -0.78802967  -1.88887274  -2.12310600 
 -0.98256195   2.49226069  -0.78826690  -1.88951182  -2.12339211 
 -0.98222923   2.49210882  -0.78804159  -1.88992095  -2.12323904 
 -0.98211759   2.49258256  -0.78823119  -1.88984191  -2.12344718 
 -0.98253423   2.49256372  -0.78810817  -1.88961446  -2.12351274 
 -0.98313743   2.49276590  -0.78859806  -1.88933015  -2.12287641 
 -0.98235536   2.49248171  -0.78824896  -1.88954222  -2.12305117 
 -0.98203683   2.49226952  -0.78829020  -1.88925231  -2.12257910 
 -0.98200220   2.49319649  -0.78828728  -1.89030266  -2.12270093 
 -0.98228252   2.49314666  -0.78810960  -1.88998938  -2.12336302 
 -0.98207068   2.49303985  -0.78838044  -1.89030886  -2.12299228 
 -0.98225063   2.49238491  -0.78805304  -1.88967276  -2.12314892 
 -0.98218143   2.49267554  -0.78857166  -1.88989067  -2.12281919 
 -0.98236388   2.49311686  -0.78816259  -1.88987732  -2.12335944 
 -0.98278099   2.49275064  -0.78844458  -1.88939142  -2.12335277 
 -0.98230100   2.49233294  -0.78886646  -1.88951480  -2.12319756 
 -0.98235822   2.49300861  -0.78856421  -1.88997650  -2.12313604 
 -0.98227477   2.49261332  -0.78839552  -1.88928235  -2.12299562 
 -0.98172158   2.49224973  -0.78809333  -1.89020038  -2.12301874 
 -0.98292530   2.49297023  -0.78798366  -1.88954949  -2.12366033 
 -0.98230523   2.49302816  -0.78842199  -1.89036751  -2.12341380 
 -0.98239416   2.49258137  -0.78819799  -1.88989091  -2.12331223 
 -0.98245841   2.49233031  -0.78821307  -1.88963318  -2.12334251 
 -0.98301303   2.49259639  -0.78889185  -1.88925719  -2.12319732 
 -0.98177654   2.49309468  -0.78866309  -1.89001095  -2.12308717 
 -0.98199886   2.49255252  -0.78843844  -1.88938868  -2.12334108 
 -0.98188728   2.49249244  -0.78852671  -1.88981593  -2.12346911 
 -0.98220652   2.49223471  -0.78887296  -1.88925755  -2.12290001 
 -0.98193252   2.49228764  -0.78855515  -1.89009941  -2.12273026 
 -0.98228663   2.49244976  -0.78832906  -1.88935518  -2.12324858 
 -0.98283625   2.49256563  -0.78847069  -1.88933182  -2.12344813 
 -0.98195857   2.49246907  -0.78826046  -1.89000082  -2.12299275 
 -0.98219621   2.49240589  -0.78832078  -1.88944530  -2.12355542 
 -0.98261833   2.49290061  -0.78881156  -1.88958549  -2.12327266 
 -0.98279446   2.49346566  -0.78812218  -1.89018071  -2.12333035 
 -0.98231620   2.49267268  -0.78811806  -1.88975954  -2.12328458 
 -0.98217887   2.49216247  -0.78842378  -1.88934219  -2.12315154 
 -0.98173541   2.49230623  -0.78846383  -1.89037275  -2.12295938 
 -0.98206925   2.49293518  -0.78870153  -1.88974130  -2.12305760 
 -0.98208332   2.49222207  -0.78829920  -1.88976705  -2.12317777 
 -0.98258567   2.49290061  -0.78858483  -1.88961184  -2.12288713 
 -0.98240703   2.49256325  -0.78816622  -1.88994443  -2.12386465 
 -0.98178869   2.49346900  -0.78760940  -1.89076543  -2.12382960 
 -0.98244178   2.49236226  -0.78839767  -1.88966537  -2.12302136 
 -0.98249847   2.49264908  -0.78834343  -1.88958001  -2.12327099 
 -0.98249823   2.49210525  -0.78778529  -1.88916397  -2.12345481 
 -0.98215926   2.49235916  -0.78778321  -1.88963830  -2.12345338 
 -0.98212177   2.49224901  -0.78841525  -1.88960063  -2.12328267 
 -0.98257989   2.49215817  -0.78822154  -1.88958406  -2.12308574 
 -0.98250550   2.49291205  -0.78832102  -1.88933241  -2.12337184 
 -0.98277944   2.49284863  -0.78846216  -1.88924575  -2.12382507 
 -0.98214698   2.49282026  -0.78856385  -1.88981164  -2.12334967 
 -0.98226345   2.49295354  -0.78825611  -1.88981152  -2.12299085 
 -0.98237491   2.49251080  -0.78877908  -1.88922572  -2.12274480 
 -0.98168498   2.49291110  -0.78859401  -1.89014041  -2.12328625 
 -0.98200125   2.49244881  -0.78865391  -1.88958156  -2.12318707 
 -0.98232657   2.49241185  -0.78888613  -1.88937235  -2.12272739 
 -0.98176700   2.49256587  -0.78920954  -1.88952041  -2.12366962 
 -0.98164207   2.49203587  -0.78808933  -1.88973880  -2.12307668 
 -0.98168951   2.49176383  -0.78876996  -1.88933551  -2.12238812 
 -0.98221064   2.49172568  -0.78827113  -1.88890183  -2.12332702 
 -0.98213637   2.49303174  -0.78814000  -1.89022672  -2.12364030 
 -0.98208052   2.49276137  -0.78846759  -1.89042997  -2.12323594 
 -0.98256212   2.49230433  -0.78839988  -1.88900900  -2.12256646 
 -0.98274636   2.49268579  -0.78793055  -1.88891637  -2.12431502 
 -0.98187697   2.49174905  -0.78876972  -1.88907933  -2.12305355 
 -0.98208874   2.49300575  -0.78874511  -1.89023101  -2.12294507 
 -0.98260725   2.49290156  -0.78783542  -1.88999677  -2.12346530 
 -0.98165518   2.49205327  -0.78856033  -1.88960075  -2.12351036 
 -0.98261619   2.49211121  -0.78829122  -1.88951623  -2.12319255 
 -0.98230672   2.49307871  -0.78817368  -1.89030313  -2.12369776 
 -0.98242688   2.49229574  -0.78811717  -1.88910806  -2.12368035 
 -0.98286694   2.49257922  -0.78849328  -1.88920081  -2.12393761 
 -0.98203963   2.49196029  -0.78851920  -1.88934267  -2.12297916 
 -0.98272127   2.49298263  -0.78767735  -1.88973975  -2.12351441 
 -0.98229706   2.49203014  -0.78784931  -1.88973343  -2.12371397 
 -0.98256665   2.49287248  -0.78789514  -1.88995194  -2.12336135 
 -0.98188829   2.49324465  -0.78810829  -1.89055967  -2.12362814 
 -0.98245162   2.49275041  -0.78857028  -1.89007866  -2.12360334 
 -0.98265868   2.49147439  -0.78846109  -1.88840592  -2.12327909 
 -0.98269993   2.49198127  -0.78766978  -1.88938200  -2.12347984 
 -0.98186404   2.49193287  -0.78821981  -1.88954055  -2.12354326 
 -0.98238796   2.49269032  -0.78832322  -1.88921642  -2.12346816 
 -0.98241860   2.49215913  -0.78808159  -1.88952506  -2.12369323 
 -0.98289752   2.49237537  -0.78841829  -1.88914502  -2.12327218 
 -0.98226124   2.49278402  -0.78801566  -1.88989556  -2.12325597 
 -0.98232371   2.49255991  -0.78850716  -1.88943744  -2.12320495 
 -0.98265296   2.49302506  -0.78868490  -1.88940287  -2.12308407 
 -0.98193866   2.49224758  -0.78794813  -1.88985074  -2.12268448 
 -0.98247182   2.49209476  -0.78810203  -1.88940930  -2.12299323 
 -0.98242861   2.49283361  -0.78814578  -1.88940954  -2.12313533 
 -0.98274761   2.49297953  -0.78882331  -1.88949561  -2.12314773 
 -0.98244762   2.49297094  -0.78835392  -1.88986933  -2.12357140 
 -0.98268050   2.49314761  -0.78819680  -1.88979888  -2.12312746 
 -0.98216063   2.49251628  -0.78799808  -1.88938570  -2.12326574 
 -0.98236507   2.49222946  -0.78859651  -1.88942742  -2.12319088 
 -0.98194879   2.49243116  -0.78809536  -1.88976979  -2.12367439 
 -0.98221815   2.49275303  -0.78824449  -1.88990879  -2.12312436 
 -0.98226184   2.49266195  -0.78855723  -1.88971806  -2.12304473 
 -0.98240328   2.49311090  -0.78826898  -1.88962853  -2.12341428 
 -0.98297030   2.49276376  -0.78822583  -1.88923764  -2.12360740 
 -0.98223835   2.49300528  -0.78869331  -1.88950646  -2.12343574 
 -0.98294908   2.49320984  -0.78805047  -1.88947368  -2.12324500 
 -0.98276120   2.49277830  -0.78857297  -1.88948345  -2.12275434 
 -0.98214912   2.49240184  -0.78844249  -1.88978577  -2.12296033 
 -0.98219699   2.49227262  -0.78775859  -1.88977337  -2.12323546 
 -0.98242879   2.49211740  -0.78845763  -1.88945580  -2.12308526 
 -0.98222905   2.49257207  -0.78804117  -1.89004362  -2.12350273 
 -0.98250437   2.49294662  -0.78875595  -1.88955736  -2.12281871 
 -0.98212540   2.49272895  -0.78836256  -1.89009070  -2.12313461 
 -0.98300195   2.49257946  -0.78839469  -1.88946903  -2.12277293 
 -0.98240823   2.49225712  -0.78801167  -1.88999569  -2.12279510 
 -0.98202640   2.49275661  -0.78865862  -1.88966000  -2.12340903 
 -0.98277205   2.49295235  -0.78859907  -1.88944149  -2.12369514 
 -0.98257041   2.49197865  -0.78835136  -1.88880575  -2.12306547 
 -0.98301923   2.49213719  -0.78872091  -1.88887548  -2.12320662 
 -0.98256707   2.49341273  -0.78772748  -1.89020610  -2.12401748 
 -0.98202193   2.49252629  -0.78810173  -1.89002776  -2.12281942 
 -0.98222530   2.49256301  -0.78765023  -1.88952839  -2.12337399 
 -0.98184025   2.49240732  -0.78876579  -1.88948095  -2.12363291 
 -0.98225832   2.49266195  -0.78809077  -1.88974464  -2.12437534 
 -0.98254818   2.49275351  -0.78860611  -1.88925207  -2.12291050 
 -0.98241234   2.49262023  -0.78853065  -1.88951039  -2.12335968 
 -0.98178655   2.49204659  -0.78814417  -1.88985121  -2.12272120 
 -0.98234320   2.49281096  -0.78794521  -1.88990355  -2.12339854 
 -0.98269624   2.49264288  -0.78851944  -1.88935041  -2.12353206 
 -0.98188382   2.49273586  -0.78863156  -1.88998890  -2.12346864 
 -0.98214889   2.49247289  -0.78820705  -1.88989496  -2.12362862 
 -0.98179716   2.49224973  -0.78826869  -1.88942158  -2.12291670 
 -0.98242265   2.49226165  -0.78805673  -1.88959277  -2.12291789 
 -0.98219198   2.49245691  -0.78826284  -1.89000285  -2.12361979 
 -0.98225409   2.49254918  -0.78869992  -1.88942921  -2.12343216 
 -0.98251158   2.49268007  -0.78754914  -1.89013588  -2.12322879 
 -0.98174578   2.49264765  -0.78875107  -1.88996422  -2.12306547 
 -0.98260337   2.49268389  -0.78865856  -1.88916624  -2.12314415 
 -0.98203778   2.49257851  -0.78824639  -1.88975382  -2.12346935 
 -0.98225951   2.49207211  -0.78834504  -1.88954270  -2.12310362 
 -0.98258913   2.49233532  -0.78829688  -1.88914466  -2.12322569 
 -0.98228204   2.49236727  -0.78824037  -1.88953769  -2.12383103 
 -0.98198563   2.49285245  -0.78841168  -1.89004588  -2.12344503 
 -0.98228323   2.49271250  -0.78819960  -1.88962996  -2.12355685 
 -0.98239881   2.49265337  -0.78901958  -1.88949299  -2.12349248 
 -0.98270833   2.49257779  -0.78815836  -1.88954055  -2.12308955 
 -0.98176986   2.49250126  -0.78815758  -1.89026058  -2.12300873 
 -0.98201329   2.49245429  -0.78869450  -1.88971198  -2.12336183 
 -0.98200452   2.49220324  -0.78874022  -1.88925719  -2.12323356 
 -0.98271519   2.49292326  -0.78831410  -1.88987482  -2.12338495 
 -0.98199224   2.49227953  -0.78846425  -1.88965917  -2.12303972 
 -0.98199761   2.49249053  -0.78834432  -1.88952792  -2.12319446 
 -0.98237699   2.49280787  -0.78872794  -1.89001060  -2.12319732 
 -0.98229951   2.49236465  -0.78853333  -1.88933969  -2.12337112 
 -0.98219001   2.49330115  -0.78798962  -1.89035571  -2.12347627 
 -0.98260140   2.49185348  -0.78843671  -1.88911343  -2.12314701 
 -0.98181766   2.49307370  -0.78834820  -1.89002240  -2.12296987 
 -0.98228449   2.49237752  -0.78897655  -1.88931012  -2.12326431 
 -0.98213059   2.49294448  -0.78842992  -1.89027977  -2.12337112 
 -0.98232698   2.49242949  -0.78830260  -1.88984442  -2.12305832 
 -0.98187333   2.49291539  -0.78842968  -1.88988829  -2.12363958 
 -0.98262298   2.49312353  -0.78823560  -1.88962495  -2.12353563 
 -0.98234618   2.49313617  -0.78822237  -1.88959134  -2.12376738 
 -0.98226273   2.49277711  -0.78814912  -1.88924372  -2.12375617 
 -0.98237038   2.49287200  -0.78811777  -1.88980174  -2.12337422 
 -0.98254567   2.49281311  -0.78824836  -1.88939118  -2.12341046 
 -0.98200989   2.49228120  -0.78823072  -1.88935018  -2.12344098 
 -0.98263788   2.49253869  -0.78785849  -1.88989210  -2.12325501 
 -0.98258764   2.49252295  -0.78811085  -1.88971889  -2.12366891 
 -0.98197794   2.49270487  -0.78850389  -1.89024043  -2.12308550 
 -0.98265725   2.49240732  -0.78826785  -1.88937533  -2.12313199 
 -0.98234260   2.49203658  -0.78860164  -1.88900506  -2.12321663 
 -0.98257744   2.49272323  -0.78864324  -1.88912356  -2.12309384 
 -0.98239267   2.49209476  -0.78831673  -1.88933694  -2.12308240 
 -0.98195654   2.49229050  -0.78839570  -1.88987792  -2.12277150 
 -0.98220330   2.49245477  -0.78826815  -1.88956237  -2.12367368 
 -0.98261875   2.49327683  -0.78819275  -1.89013636  -2.12389827 
 -0.98246890   2.49233484  -0.78837508  -1.88938892  -2.12316632 
 -0.98258251   2.49259496  -0.78803968  -1.88948143  -2.12357569 
 -0.98254275   2.49302220  -0.78839636  -1.88998973  -2.12339234 
 -0.98274887   2.49250579  -0.78885943  -1.88884056  -2.12318063 
 -0.98176545   2.49275398  -0.78807306  -1.88987780  -2.12325573 
 -0.98251647   2.49324703  -0.78761339  -1.89024937  -2.12328815 
 -0.98262721   2.49308920  -0.78798711  -1.88929594  -2.12391949 
 -0.98307663   2.49295330  -0.78815168  -1.88926911  -2.12388659 
 -0.98181230   2.49272442  -0.78829926  -1.88996077  -2.12351656 
 -0.98202938   2.49191999  -0.78859961  -1.88937855  -2.12315130 
 -0.98222125   2.49263549  -0.78872681  -1.88917816  -2.12360001 