0.0168271 0.00669248 0.0207976 0.0391311 0.0480111 0.453481 0.138607 0.021771 0.221427 0.0332541 
0.0155551 0.00230067 0.0585588 0.028748 0.058226 0.0136035 0.00768932 0.141427 0.612835 0.0610562 
0.0858997 0.00930473 0.186729 0.166454 0.0176102 0.0633625 0.0128921 0.0093304 0.437098 0.0113206 
0.0438572 0.0380272 0.0767977 0.081273 0.0946014 0.135334 0.177253 0.0489015 0.281875 0.0220802 
0.00575946 0.00403649 0.144782 0.47759 0.00205253 0.147311 0.00477835 0.125817 0.0815937 0.00627949 
0.0450697 0.0460434 0.236282 0.0957586 0.0618698 0.0602676 0.0114516 0.0463398 0.380439 0.0164784 
0.0669572 0.0483648 0.543677 0.0691886 0.0731326 0.0219183 0.0374371 0.0180559 0.10985 0.0114188 
0.080298 0.0358455 0.183436 0.0916506 0.103168 0.16215 0.0250225 0.0309819 0.222368 0.0650793 
0.0996922 0.100127 0.140451 0.0935924 0.0508265 0.0802626 0.0453173 0.161715 0.119523 0.108493 
0.024202 0.0328504 0.133349 0.180174 0.039513 0.236232 0.0216274 0.135636 0.105461 0.0909548 
0.0307288 0.0060799 0.161952 0.247333 0.0388778 0.0314861 0.0419886 0.0803532 0.289354 0.0718466 
0.00319913 0.00414087 0.0403447 0.247559 0.056574 0.31921 0.000754843 0.0181724 0.305764 0.00428108 
0.0417175 0.0157822 0.206467 0.0656738 0.0269977 0.136417 0.0241752 0.0141782 0.43826 0.0303315 
0.28363 0.0141116 0.235345 0.0325764 0.0141494 0.0411311 0.0563 0.00137371 0.31627 0.00511225 
0.0156729 0.0335268 0.191654 0.154751 0.122489 0.0770367 0.0166436 0.218016 0.116305 0.0539048 
0.00670877 0.0619929 0.589247 0.0257347 0.00372198 0.0281876 0.00207458 0.255286 0.0226755 0.00437157 
0.114461 0.00598605 0.13157 0.413869 0.00695911 0.0449907 0.0183578 0.0436327 0.13479 0.0853837 
0.0059438 0.00524632 0.11311 0.289627 0.0118401 0.19644 0.0212142 0.00398476 0.335174 0.0174204 
0.0141664 0.0153943 0.158823 0.220972 0.00403812 0.164364 0.0169304 0.105092 0.231951 0.0682682 
0.0627333 0.0504536 0.0656371 0.12717 0.0538101 0.245206 0.136353 0.0192098 0.214512 0.0249158 
0.0660981 0.00599324 0.293656 0.16805 0.0538482 0.05722 0.0418886 0.14554 0.0734644 0.0942412 
0.0219042 0.0128489 0.0185288 0.373747 0.0214529 0.479904 0.0127546 0.00585896 0.0419011 0.0110996 
0.086345 0.0760673 0.209646 0.167639 0.0469275 0.115492 0.0098555 0.0547815 0.196827 0.0364187 
0.0417563 0.0214762 0.0596573 0.104759 0.0592607 0.0885705 0.0507823 0.017411 0.495616 0.0607099 
0.0690989 0.0179673 0.151112 0.0956869 0.105749 0.212966 0.0161397 0.111805 0.188562 0.0309141 
0.0178441 0.00644163 0.446133 0.134523 0.0195911 0.0155163 0.0326332 0.155336 0.152611 0.0193711 
0.00816377 0.000857312 0.0788351 0.406496 0.0448547 0.0721956 0.0899963 0.0023778 0.0756101 0.220614 
0.0214243 0.00770658 0.243488 0.234871 0.10623 0.195894 0.00573249 0.00992705 0.150589 0.0241374 
0.027351 0.0108941 0.296473 0.0512683 0.176822 0.112803 0.0102102 0.0393569 0.153003 0.121818 
0.0384972 0.0193633 0.207616 0.0746018 0.13989 0.0749952 0.147827 0.0333719 0.246739 0.0170982 
0.0275746 0.00537879 0.0563136 0.119939 0.00288667 0.325195 0.0989634 0.0120617 0.307511 0.0441771 
0.0361637 0.102032 0.368173 0.0576752 0.213089 0.0660557 0.0821986 0.0249261 0.0376339 0.0120535 
0.0556655 0.0670282 0.0990957 0.251138 0.111363 0.0904751 0.0922408 0.0615655 0.110669 0.0607586 
0.0495159 0.00692104 0.0792898 0.0957368 0.015492 0.219144 0.0428891 0.0242407 0.434318 0.0324529 
0.0145717 0.0134023 0.237275 0.0186361 0.0278287 0.0147588 0.000581949 0.556872 0.111311 0.00476224 
0.0367701 0.0106193 0.280213 0.10275 0.0762832 0.0487617 0.0528753 0.0740937 0.294883 0.0227507 
0.0455561 0.00664483 0.210938 0.0879047 0.0244562 0.0954888 0.0379821 0.0309513 0.436956 0.0231226 
0.0234071 0.0464632 0.471997 0.111793 0.0476166 0.0138219 0.0297927 0.109668 0.123067 0.0223736 
0.0119994 0.0033253 0.586751 0.00590682 0.212254 0.00741335 0.0113764 0.0229776 0.131606 0.00639044 
0.0512507 0.109726 0.0911853 0.118119 0.0829429 0.0846006 0.0311422 0.0997726 0.280963 0.0502983 
0.0312067 0.0685389 0.243293 0.101113 0.0421291 0.0781741 0.0171965 0.174047 0.220986 0.0233166 
0.0413203 0.024888 0.32682 0.195146 0.1228 0.0655009 0.022176 0.0362868 0.128574 0.036489 
0.0408308 0.0357844 0.211469 0.0649588 0.0358661 0.0618544 0.0371248 0.0300576 0.465943 0.0161117 
0.14449 0.0541966 0.160267 0.112435 0.0744173 0.0727311 0.104099 0.0709551 0.120477 0.0859317 
0.0615519 0.0490951 0.0621729 0.27328 0.0177341 0.190693 0.0210418 0.242072 0.0574202 0.024939 
0.0173094 0.0166415 0.417111 0.329298 0.0253336 0.0042969 0.0315998 0.125612 0.0196354 0.0131632 
0.0735125 0.0242195 0.0752025 0.0813679 0.0751895 0.187831 0.0658905 0.0270481 0.284409 0.105329 
0.05521 0.0176699 0.0475827 0.027364 0.0441582 0.442006 0.0713018 0.0185222 0.255161 0.0210246 
0.0523866 0.0192005 0.0503688 0.162196 0.0754561 0.447192 0.0562464 0.0132302 0.0930656 0.0306576 
0.0359389 0.000619993 0.077445 0.290458 0.234649 0.0527337 0.11652 0.0206829 0.157024 0.013928 
0.0102641 0.00226421 0.172256 0.493605 0.0124283 0.0967311 0.0203124 0.0130629 0.147068 0.0320084 
0.0616593 0.0312169 0.155407 0.214587 0.0462542 0.032947 0.108859 0.213273 0.117877 0.0179198 
0.0449939 0.00194871 0.400026 0.10959 0.0231462 0.0245912 0.00439892 0.0811184 0.302986 0.0072007 
0.0227727 0.0101298 0.185106 0.102408 0.0294019 0.159218 0.0158104 0.0381879 0.35427 0.082695 
0.0135778 0.00706435 0.122239 0.0895871 0.0351037 0.0381955 0.00950813 0.0587321 0.2177 0.408292 
0.0383424 0.0214527 0.262405 0.0797558 0.258505 0.0675002 0.0637129 0.0328585 0.142005 0.0334627 
0.0466355 0.00968361 0.208676 0.403106 0.000671262 0.164418 0.00419467 0.0846476 0.046884 0.0310839 
0.0365896 0.0222872 0.131678 0.19158 0.0150318 0.0751898 0.0160087 0.231135 0.198856 0.0816439 
0.0830607 0.0767744 0.38608 0.0334253 0.0790142 0.0222894 0.0369665 0.0187593 0.25703 0.00660005 
0.00681715 0.00654296 0.057165 0.442657 0.0231118 0.150551 0.00955362 0.000987913 0.300411 0.00220234 
0.0645846 0.0199176 0.141349 0.162985 0.040526 0.241983 0.032302 0.0369869 0.195753 0.0636126 
0.0157225 0.0369804 0.188304 0.403194 0.00700842 0.099627 0.0058256 0.0375524 0.174086 0.0316994 
0.0100134 0.02263 0.164194 0.0180733 0.404493 0.0941576 0.0514144 0.103737 0.0971448 0.0341428 
0.00656312 0.00982131 0.167494 0.0994066 0.134012 0.0130748 0.0161783 0.071398 0.393013 0.0890385 
0.0492148 0.0192222 0.198902 0.0969094 0.0223752 0.144456 0.0478028 0.0717974 0.341094 0.00822708 
0.00385365 0.00956347 0.373804 0.00943924 0.0463566 0.0277428 0.0207842 0.0103196 0.493764 0.00437206 
0.0391565 0.0445982 0.333666 0.0783455 0.0636135 0.0696817 0.0156879 0.0944818 0.233041 0.0277278 
0.0367979 0.012495 0.205246 0.174231 0.0935792 0.0362136 0.0285746 0.0799815 0.31286 0.0200222 
0.0198496 0.0204884 0.0620145 0.110121 0.0396766 0.215972 0.0422761 0.0373263 0.398626 0.0536497 
0.0827483 0.0323382 0.361397 0.0278678 0.150983 0.048708 0.0741954 0.0430623 0.130395 0.0483058 
0.0950426 0.033291 0.233273 0.122298 0.178669 0.0669247 0.0862356 0.0633429 0.106334 0.0145892 
0.0763097 0.0292185 0.0725046 0.128525 0.0290065 0.0991879 0.0337406 0.0447665 0.392715 0.094026 
0.0436085 0.0194646 0.158029 0.159443 0.0448536 0.376448 0.0273699 0.0561027 0.0535671 0.0611137 
0.0744492 0.0286508 0.130346 0.0461347 0.0726445 0.0954833 0.108007 0.162667 0.252496 0.0291225 
0.0962623 0.0800764 0.121634 0.147528 0.0700788 0.205467 0.0500611 0.0584649 0.131236 0.0391922 
0.0556169 0.0112791 0.203502 0.0900099 0.0869839 0.156933 0.0282104 0.0324223 0.320351 0.0146913 
0.00876243 0.00822064 0.390914 0.187448 0.00464833 0.166487 0.00304774 0.141282 0.0313358 0.057854 
0.038838 0.0292337 0.0509513 0.0566555 0.0657826 0.488278 0.0343063 0.0924099 0.111772 0.031773 
0.0606021 0.00427111 0.0399679 0.0285958 0.0725532 0.557277 0.0625351 0.0514709 0.105075 0.0176516 
0.0568901 0.0186936 0.356236 0.216852 0.047913 0.0336397 0.051935 0.053685 0.0749374 0.0892188 
0.00891708 0.0120655 0.115073 0.334363 0.0144498 0.0536586 0.0258296 0.106343 0.309245 0.020055 
0.0292234 0.0591964 0.46997 0.181649 0.0358563 0.00918339 0.0447968 0.0871157 0.0520229 0.0309865 
0.0755762 0.025539 0.0975935 0.179013 0.0649961 0.1102 0.0701402 0.094186 0.220034 0.062722 
0.095177 0.0229063 0.496824 0.0602753 0.0167876 0.0159659 0.0438983 0.0114463 0.223838 0.0128816 
0.0668781 0.0255848 0.15632 0.118076 0.0593979 0.104076 0.0389622 0.0453811 0.333007 0.0523169 
0.0127645 0.0120912 0.161057 0.268944 0.0222689 0.06014 0.00407213 0.347237 0.0732952 0.0381292 
0.00815501 0.00943385 0.0886134 0.287181 0.014022 0.177632 0.00913974 0.0204875 0.35492 0.0304161 
0.0195846 0.00883689 0.178451 0.429186 0.0737683 0.070811 0.0478482 0.0197857 0.076404 0.0753243 
0.0187002 0.0255116 0.305062 0.07055 0.148915 0.115961 0.00826297 0.115249 0.135385 0.056402 
0.0558466 0.0293346 0.350815 0.0868832 0.0799309 0.0723976 0.0109361 0.0661004 0.234145 0.0136111 
0.0527345 0.00201173 0.1436 0.334468 0.0199056 0.097046 0.0250822 0.00595336 0.296713 0.0224862 
0.0387881 0.00461949 0.266867 0.0121018 0.0354674 0.0682344 0.00745704 0.0416472 0.50096 0.0238572 
0.0430029 0.0372688 0.0926312 0.314117 0.0169268 0.0644637 0.017797 0.148539 0.193989 0.0712649 
0.043686 0.0530755 0.305075 0.0798987 0.0730101 0.0214634 0.0147437 0.175545 0.219943 0.0135592 
0.021576 0.0466615 0.262446 0.050707 0.155129 0.134115 0.0115315 0.135792 0.070315 0.111727 
0.195684 0.0231207 0.174458 0.160477 0.0206518 0.0381207 0.0519387 0.221309 0.0881208 0.0261189 
0.0899102 0.00833603 0.0726422 0.0608098 0.0271928 0.318331 0.115614 0.0440263 0.234618 0.0285193 
0.0239871 0.00324167 0.15767 0.0498659 0.0208616 0.0837861 0.0234608 0.00314754 0.561446 0.0725331 
0.0528154 0.0603727 0.159341 0.187476 0.165501 0.0386058 0.0470401 0.147093 0.087028 0.0547283 
0.0177089 0.0165968 0.225964 0.358898 0.0263658 0.0182865 0.0779295 0.148409 0.107529 0.00231395 
0.0326687 0.0214612 0.115238 0.311616 0.0281106 0.0743823 0.0472315 0.125526 0.178681 0.0650838 
0.0162217 0.0633794 0.286398 0.204907 0.012215 0.157401 0.0216542 0.0749433 0.0865846 0.076295 
0.132506 0.00995008 0.0510094 0.0904223 0.0921115 0.185875 0.055636 0.0428311 0.33279 0.00686943 
0.0289332 0.0124194 0.162062 0.492287 0.0288618 0.0494746 0.0216224 0.0261262 0.108123 0.0700908 
0.116461 0.0332476 0.217475 0.119783 0.0104371 0.127808 0.0246834 0.127165 0.154946 0.0679925 
0.0417585 0.0400544 0.0657371 0.295622 0.0769784 0.15239 0.0257436 0.159679 0.115783 0.0262535 
0.0734205 0.0231822 0.238466 0.130926 0.17312 0.0620291 0.0778847 0.0739207 0.128487 0.0185645 
0.00475376 0.00906335 0.128593 0.413367 0.0269407 0.0334087 0.0238706 0.00959218 0.327606 0.0228054 
0.0524033 0.0092661 0.144694 0.306804 0.0317647 0.101625 0.012411 0.129714 0.176391 0.0349271 
0.0184516 0.014124 0.458216 0.113736 0.0661346 0.0110559 0.00844839 0.0734841 0.217931 0.0184179 
0.0196054 0.0125779 0.122413 0.229759 0.0182292 0.194818 0.0486912 0.0896739 0.163874 0.100358 
0.0275366 0.031062 0.540162 0.081424 0.0302065 0.0480289 0.038433 0.0384354 0.123461 0.0412501 
0.0120098 0.0191858 0.202911 0.413967 0.0678055 0.0353593 0.00545359 0.0856495 0.120732 0.0369268 
0.0464242 0.0164975 0.166708 0.376854 0.0431434 0.0306517 0.128205 0.0360732 0.135076 0.0203676 
0.0325168 0.0198177 0.116293 0.146684 0.014429 0.0813791 0.0365479 0.0463881 0.448513 0.057432 
0.00405905 0.000576997 0.028535 0.0677612 0.0155334 0.278076 0.00566345 0.0179124 0.505359 0.0765234 
0.0257974 0.00393656 0.152009 0.188884 0.0448278 0.326119 0.0226639 0.0220018 0.166473 0.0472865 
0.0225191 0.016113 0.331816 0.263758 0.0184074 0.0936667 0.0155757 0.0489679 0.182832 0.00634459 
0.0542669 0.0180155 0.0834041 0.135281 0.0139791 0.292473 0.11298 0.0191368 0.228925 0.0415389 
0.0258676 0.0515559 0.223554 0.421118 0.0333486 0.0787342 0.0075771 0.0408849 0.105031 0.0123274 
0.122693 0.0331161 0.141526 0.123272 0.0869972 0.0525875 0.0479535 0.0539539 0.321649 0.0162509 
0.065645 0.03698 0.06808 0.196212 0.181816 0.0706579 0.118784 0.12967 0.100794 0.0313606 
0.0823195 0.0268087 0.270416 0.128941 0.018314 0.0174578 0.0253583 0.101647 0.296222 0.0325166 
0.0213308 0.0102708 0.59584 0.0306317 0.0519488 0.0473293 0.0149046 0.0241909 0.194985 0.00856762 
0.0154567 0.00288649 0.160059 0.212173 0.148667 0.180694 0.00631572 0.0191913 0.236121 0.0184356 
0.0358354 0.0059848 0.0837613 0.135937 0.0667214 0.458041 0.0237435 0.0512362 0.0988303 0.0399089 
0.0459437 0.0138142 0.482809 0.0493833 0.0117064 0.142038 0.0031623 0.0405888 0.193311 0.0172434 
0.0168832 0.0139614 0.17168 0.475554 0.0150656 0.132474 0.00668973 0.0881321 0.0484418 0.031119 
0.0499801 0.0147227 0.193336 0.184628 0.00572408 0.209686 0.0674329 0.0590532 0.185347 0.0300914 
0.0121055 0.0018384 0.0938386 0.15295 0.0758856 0.318707 0.0155601 0.0415274 0.0403556 0.247232 
0.0206422 0.0343947 0.115307 0.145393 0.0911859 0.12647 0.0180152 0.130612 0.261643 0.056337 
0.15837 0.00867725 0.19945 0.236108 0.00784217 0.0348711 0.017293 0.0182121 0.192474 0.126703 
0.0125579 0.000236209 0.0129063 0.108441 0.0406642 0.601 0.013627 0.0281423 0.154901 0.027524 
0.103873 0.0154443 0.0127524 0.0246383 0.0336089 0.388791 0.0685463 0.0103126 0.287148 0.0548857 
0.0307381 0.0364462 0.39609 0.0765017 0.0084008 0.0801308 0.0158495 0.0425814 0.301837 0.0114245 
0.0929234 0.0125953 0.363577 0.174487 0.0215892 0.014466 0.0427569 0.109607 0.134036 0.0339627 
0.0626922 0.0263534 0.169074 0.141628 0.0287131 0.19385 0.0156049 0.221982 0.0826948 0.0574073 
0.112534 0.0834706 0.179346 0.141236 0.020701 0.105247 0.0416008 0.0582325 0.23107 0.0265621 
0.0463171 0.0545605 0.0543606 0.181195 0.0544083 0.20213 0.0546271 0.0822954 0.225098 0.0450077 
0.0474941 0.0400882 0.158259 0.0448989 0.0244162 0.0822669 0.0589201 0.0342532 0.4616 0.0478031 
0.0309124 0.0121726 0.14777 0.141417 0.0215189 0.296415 0.0113734 0.0464212 0.259219 0.032781 
0.0848137 0.0677746 0.175344 0.187099 0.0239262 0.127546 0.0113262 0.075258 0.165823 0.0810908 
0.0916123 0.0286 0.0991548 0.0975233 0.0970289 0.226449 0.0200735 0.0444236 0.240416 0.0547187 
0.0263267 0.0311257 0.238233 0.300189 0.0415913 0.0737248 0.0689524 0.00300129 0.211843 0.00501273 
0.0162288 0.0165007 0.29697 0.00919951 0.0733595 0.035683 0.00371822 0.0288647 0.512099 0.00737714 
0.0163793 0.0117065 0.54365 0.248942 0.0090338 0.00227091 0.0206438 0.111017 0.0335145 0.00284226 
0.0402388 0.0355917 0.110875 0.263004 0.09161 0.07542 0.0557641 0.123944 0.182438 0.0211158 
0.0160456 0.0170318 0.0311758 0.30053 0.0726246 0.247576 0.0159398 0.10415 0.0891771 0.105749 
0.028082 0.0165249 0.145851 0.156256 0.0496812 0.0483998 0.0149432 0.0242411 0.372111 0.14391 
0.0216522 0.0275128 0.376707 0.105437 0.0629542 0.110554 0.00396282 0.0879414 0.135074 0.0682036 
0.0641401 0.0334229 0.322385 0.0462164 0.172027 0.0114375 0.0363355 0.103533 0.192228 0.0182752 
0.123411 0.0315433 0.197388 0.0815662 0.129291 0.0659733 0.0486125 0.0401001 0.254241 0.0278732 
0.0663842 0.0276625 0.101058 0.127044 0.00882485 0.0594794 0.0317757 0.0117966 0.556886 0.00908912 
0.00626417 0.000629722 0.143807 0.0817177 0.248573 0.0541005 0.0110595 0.0165776 0.227338 0.209933 
0.0161184 0.0157037 0.209886 0.427431 0.0313734 0.0303854 0.00684953 0.128958 0.117052 0.0162427 
0.0159471 0.0215078 0.0838686 0.100457 0.158941 0.0641171 0.0190803 0.342145 0.129663 0.0642733 
0.0787296 0.0405803 0.34579 0.0397622 0.0935503 0.152631 0.0312409 0.105348 0.0817966 0.0305711 
0.104453 0.00675797 0.0709255 0.169587 0.0478541 0.103305 0.0930815 0.0576487 0.282798 0.06359 
0.0447546 0.0152791 0.132026 0.0875792 0.0104722 0.17073 0.0193846 0.0373882 0.284122 0.198264 
0.0620527 0.0191603 0.130872 0.174364 0.0893008 0.104014 0.0513156 0.0661158 0.204784 0.0980207 
0.0470635 0.0135781 0.176227 0.0900414 0.0252034 0.0998752 0.0302559 0.0238047 0.450151 0.0437996 
0.0414566 0.0468988 0.129641 0.0854781 0.343097 0.0523106 0.047967 0.0937366 0.128049 0.0313653 
0.0456403 0.0207566 0.103099 0.100402 0.116571 0.203483 0.0690892 0.0488994 0.203631 0.0884281 
0.0363735 0.0449433 0.10052 0.11111 0.123519 0.142578 0.035479 0.172343 0.179714 0.0534201 
0.0184802 0.0147208 0.217609 0.257601 0.166004 0.106334 0.0133848 0.0542117 0.122817 0.0288375 
0.0148497 0.0811044 0.0640876 0.112135 0.0543702 0.221875 0.00802245 0.181916 0.208774 0.0528661 
0.0479029 0.0280176 0.331613 0.0641006 0.0902307 0.0763288 0.0730571 0.0216993 0.246936 0.0201142 
0.0352396 0.00375309 0.232193 0.432721 0.013966 0.0377513 0.0119884 0.0864227 0.100532 0.0454331 
0.0337952 0.0807004 0.085649 0.154844 0.0429488 0.267104 0.0293763 0.131465 0.163579 0.0105383 
0.0708101 0.0186154 0.0870346 0.130669 0.0507993 0.283428 0.091402 0.0288207 0.201883 0.0365376 
0.0598856 0.044735 0.109025 0.156997 0.0882347 0.232952 0.0747466 0.0110776 0.196298 0.0260488 
0.0139507 0.113558 0.137868 0.140712 0.183362 0.0704873 0.0476198 0.0243206 0.25464 0.0134825 
0.0587051 0.0421184 0.155279 0.0637442 0.0245586 0.252251 0.0321856 0.121324 0.194334 0.0554995 
0.0107236 0.0179573 0.124636 0.00985004 0.0984226 0.0900353 0.00196163 0.211495 0.405155 0.0297643 
0.0251662 0.0351218 0.259974 0.252691 0.0214214 0.057103 0.028812 0.148252 0.0779325 0.0935272 
0.0277096 0.000601499 0.159504 0.201501 0.00809627 0.0133572 0.0369435 0.0157958 0.520726 0.0157656 
0.0658699 0.0241447 0.059508 0.0745954 0.0192034 0.266259 0.0561088 0.028068 0.379297 0.0269466 
0.0313562 0.137737 0.406211 0.152109 0.0088108 0.037066 0.0523355 0.0789875 0.0585238 0.0368631 
0.0444309 0.0193018 0.0910964 0.174325 0.100253 0.149186 0.0277731 0.114547 0.179628 0.0994582 
0.0701497 0.0224825 0.126928 0.0999646 0.100077 0.0541832 0.0468762 0.0798477 0.36536 0.0341308 
0.0337202 0.0392551 0.30665 0.10003 0.0617663 0.0314739 0.0284181 0.258518 0.137632 0.0025366 
0.00962368 0.0173079 0.0392231 0.248443 0.365318 0.00906426 0.0263678 0.0615477 0.138269 0.0848355 
0.00766304 0.00100033 0.0714888 0.145865 0.29774 0.0828473 0.0166643 0.023265 0.329717 0.0237484 
0.0864306 0.0111094 0.314619 0.121882 0.0298395 0.0692558 0.0503679 0.131385 0.120839 0.0642723 
0.0244934 0.00958938 0.280711 0.0771856 0.00650059 0.0441894 0.00180457 0.467309 0.0737697 0.014448 
0.0758019 0.0322612 0.0373033 0.0368657 0.0107354 0.545264 0.0184594 0.0511336 0.143671 0.048505 
0.0315253 0.0236435 0.228134 0.295651 0.0205378 0.0322556 0.0211616 0.0560607 0.106538 0.184492 
0.0178125 0.0185379 0.308794 0.0535406 0.0335031 0.0466893 0.00933422 0.0255934 0.481298 0.0048974 
0.0280525 0.016383 0.0898009 0.182992 0.118931 0.22861 0.0409894 0.0462778 0.124924 0.12304 
0.0607842 0.0200656 0.163475 0.136612 0.115167 0.281648 0.0331667 0.0152515 0.0648821 0.108948 
0.221027 0.10546 0.103082 0.0723523 0.0256127 0.142836 0.105534 0.00348314 0.109715 0.110899 
0.00633234 0.070889 0.468047 0.095945 0.0960955 0.0204765 0.0279363 0.0187563 0.181718 0.0138038 
0.0767304 0.0631627 0.244608 0.0540676 0.166249 0.0540207 0.167741 0.0139613 0.135571 0.0238891 
0.016254 0.00277208 0.0133047 0.0424167 0.0385963 0.241884 0.0159209 0.0146135 0.507707 0.106531 
0.025065 0.0405744 0.453649 0.084958 0.0668082 0.0219946 0.044079 0.0999093 0.159481 0.00348201 
0.0898715 0.0678126 0.114048 0.0932696 0.201315 0.0932268 0.0548777 0.0977683 0.101447 0.0863642 
0.030745 0.0443893 0.1831 0.289244 0.0923184 0.0198043 0.0140714 0.0528888 0.265712 0.00772694 
0.0216735 0.0187682 0.366333 0.245258 0.0354597 0.0439714 0.0154524 0.0916422 0.122763 0.038678 
0.043893 0.00530502 0.120752 0.0875275 0.0341704 0.080116 0.0996053 0.0494687 0.419138 0.0600245 
0.0556054 0.0670867 0.102633 0.102665 0.0564041 0.131656 0.0190385 0.127547 0.321605 0.0157601 
0.0702883 0.00464445 0.274241 0.0940625 0.0153458 0.0554492 0.0894483 0.00575534 0.361917 0.0288474 
0.0384835 0.052117 0.258766 0.112578 0.230996 0.0723451 0.0617476 0.0812725 0.056736 0.0349581 
0.0625001 0.0139378 0.393033 0.0746284 0.0174443 0.144915 0.0915902 0.0122712 0.178197 0.0114834 
0.0747943 0.0699725 0.16275 0.14941 0.0268771 0.132763 0.0215813 0.0305404 0.277675 0.0536374 
0.0669256 0.0127311 0.133428 0.135627 0.0657651 0.235391 0.0999151 0.0571314 0.159768 0.0333188 
0.0471477 0.0184771 0.196043 0.307484 0.00501423 0.209132 0.00425037 0.035446 0.154832 0.022173 
0.0964016 0.00980727 0.150326 0.0687895 0.00260238 0.0727577 0.02541 0.044272 0.377639 0.151995 
0.00933259 0.0141455 0.245428 0.313419 0.00806626 0.232253 0.00437901 0.0645856 0.0814657 0.0269254 
0.0913146 0.0275158 0.18639 0.0640712 0.0350404 0.142563 0.0170908 0.088103 0.331357 0.0165537 
0.030725 0.0214811 0.13997 0.237941 0.0181019 0.155134 0.0391813 0.0525354 0.244501 0.0604293 
0.162171 0.018691 0.211099 0.0525151 0.0330842 0.0317234 0.0783176 0.0128606 0.359654 0.0398837 
0.0476345 0.0153635 0.0923503 0.0588087 0.10859 0.166982 0.103283 0.0243808 0.271175 0.111433 
0.00990668 0.00227425 0.234722 0.328688 0.000484691 0.184567 0.00232916 0.0763825 0.145594 0.0150521 
0.0287594 0.0124032 0.0722039 0.426216 0.0475611 0.138931 0.00883719 0.0360787 0.156308 0.072701 
0.011442 0.0133268 0.108677 0.308778 0.0280373 0.314451 0.00453452 0.0190493 0.166668 0.0250359 
0.00228022 0.000219461 0.0229595 0.865971 0.0212269 0.0070691 0.000375248 0.0272262 0.0291088 0.0235637 
0.0283778 0.0381904 0.297918 0.0854533 0.0563332 0.00270898 0.036698 0.132652 0.293339 0.0283286 
0.0682134 0.0550092 0.204816 0.268688 0.0180606 0.0414383 0.0147639 0.168272 0.121318 0.0394202 
0.00352419 0.0277121 0.551801 0.105676 0.0540156 0.0119374 0.004082 0.0727308 0.164511 0.00401004 
0.0770886 0.0569325 0.184826 0.105828 0.0688719 0.0480812 0.068298 0.0696823 0.304866 0.0155249 
0.0977793 0.00465229 0.188617 0.0836241 0.0211213 0.119481 0.0605096 0.0172482 0.397024 0.00994347 
0.0247153 0.0630247 0.523047 0.0357711 0.0456907 0.164086 0.020921 0.0138718 0.0624689 0.0464042 
0.0946878 0.0255204 0.112826 0.152813 0.17423 0.187867 0.0702352 0.0497252 0.104851 0.0272438 
0.0476974 0.0510016 0.251529 0.141694 0.0385191 0.0907393 0.0616193 0.0302735 0.252054 0.0348732 
0.0110784 0.0199034 0.149147 0.543312 0.0440414 0.024968 0.00712926 0.0736265 0.119286 0.00750776 
0.0603349 0.0427602 0.2545 0.0953651 0.0188441 0.159333 0.0554347 0.0395944 0.25479 0.0190442 
0.0215571 0.0871481 0.523965 0.11499 0.0364751 0.0332085 0.02422 0.0116398 0.118404 0.0283923 
0.0325711 0.0132805 0.230996 0.0730186 0.0336193 0.259916 0.0250496 0.12232 0.160431 0.0487978 
0.0344449 0.00129147 0.0887377 0.208047 0.00727406 0.0287618 0.0361494 0.0140424 0.566086 0.0151653 
0.0868798 0.0168389 0.0790377 0.119526 0.020416 0.174013 0.031376 0.294461 0.140507 0.0369447 
0.0100408 0.0043463 0.518634 0.304063 0.00619636 0.0148813 0.00391598 0.0664378 0.0461328 0.0253516 
0.0736623 0.00511879 0.0619192 0.138799 0.0156616 0.0442692 0.0880836 0.0150206 0.540608 0.0168582 
0.0128139 0.0114453 0.0439821 0.0771987 0.03108 0.480522 0.00332509 0.0522136 0.200001 0.0874182 
0.0626448 0.00880833 0.0527403 0.0194336 0.347469 0.0814681 0.0148148 0.0448794 0.318443 0.0492992 
0.0735238 0.0202568 0.0611455 0.10638 0.00586084 0.274414 0.0466082 0.00844955 0.338282 0.0650791 
0.0274497 0.00803908 0.166291 0.133608 0.0170785 0.00904951 0.0630182 0.0268564 0.536952 0.0116569 
0.0554033 0.0101162 0.162355 0.0116354 0.18224 0.0627169 0.00901588 0.0571508 0.44435 0.00501712 
0.151257 0.0163964 0.164468 0.107129 0.162973 0.102626 0.0526321 0.0562483 0.156371 0.0298994 
0.031149 0.0200696 0.226505 0.137861 0.157105 0.123409 0.0198826 0.101716 0.1275 0.054803 
0.0428041 0.0537578 0.222283 0.0607584 0.0272104 0.0949092 0.0298059 0.196347 0.182057 0.0900676 
0.0996861 0.00953159 0.0809962 0.183915 0.0645672 0.130937 0.0888335 0.0176956 0.304834 0.0190039 
0.013998 0.00686022 0.409747 0.208134 0.0428956 0.0310717 0.00158259 0.22295 0.0367849 0.0259753 
0.174611 0.0531497 0.154082 0.0789159 0.0815102 0.108309 0.0329387 0.0865615 0.197338 0.0325842 
0.0400203 0.0112584 0.243122 0.0692588 0.123149 0.0901795 0.0311852 0.120837 0.205777 0.0652132 
0.0299491 0.00503773 0.112312 0.39046 0.122215 0.0937283 0.0322803 0.0697965 0.123738 0.020483 
0.0182998 0.152546 0.0699235 0.093287 0.380632 0.0123117 0.0482145 0.177431 0.0459619 0.00139237 
0.0415699 0.0584053 0.325355 0.0799059 0.0314269 0.0161275 0.0101156 0.0739134 0.343233 0.0199479 
0.0219103 0.0146165 0.127742 0.0412089 0.0397014 0.255387 0.0672434 0.0187477 0.379337 0.034106 
0.0285654 0.00436764 0.203677 0.298757 0.00948479 0.0149322 0.00515912 0.0189148 0.407649 0.00849423 
0.000843373 0.00248624 0.399663 0.0258396 0.443967 0.0710082 0.000155719 0.0198573 0.0298651 0.00631422 
0.017834 0.046191 0.077808 0.0907045 0.0492792 0.310083 0.00842445 0.0763229 0.267662 0.055691 
0.011638 0.0145552 0.358688 0.158599 0.0647141 0.0557675 0.0133275 0.196381 0.0821316 0.0441984 
0.021834 0.0149209 0.174633 0.252402 0.00629268 0.0982536 0.0454018 0.0161253 0.368611 0.00152602 
0.00973085 0.0115551 0.203832 0.193144 0.0139904 0.206289 0.0182963 0.0623727 0.257689 0.0230999 
0.0855189 0.0255513 0.100674 0.19865 0.0475206 0.229178 0.0396632 0.0352545 0.131604 0.106386 
0.0222906 0.00661835 0.19485 0.204678 0.0303943 0.179696 0.0201127 0.115715 0.133466 0.0921799 
0.0277823 0.00240117 0.00919955 0.100478 0.099573 0.292523 0.0250353 0.052138 0.367372 0.0234978 
0.060365 0.025995 0.0832833 0.323783 0.154993 0.0512696 0.0547093 0.0299319 0.184362 0.0313079 
0.0996323 0.0379601 0.0837612 0.15732 0.084477 0.119665 0.0828522 0.0436099 0.213349 0.077374 
0.0428902 0.00815244 0.262855 0.222635 0.0505156 0.0826146 0.0652484 0.069693 0.159379 0.0360164 
0.0124947 0.0199705 0.101026 0.324502 0.0429346 0.121526 0.0323686 0.0200559 0.240744 0.084378 
0.0334496 0.0611782 0.14626 0.0598366 0.275614 0.070265 0.0143202 0.0336868 0.287981 0.0174088 
0.0508536 0.038945 0.323512 0.114863 0.0405642 0.00928251 0.024361 0.138774 0.211919 0.0469262 
0.0391166 0.0327027 0.316161 0.0314159 0.0723477 0.15368 0.0275232 0.0231463 0.270174 0.0337327 
0.0689217 0.0139732 0.146471 0.0955503 0.0134841 0.0918173 0.0759808 0.0114793 0.435523 0.0467992 
0.010538 0.0144924 0.726748 0.0322481 0.0644653 0.00247268 0.0180131 0.0764251 0.0411646 0.0134328 
0.0147052 0.011597 0.333356 0.281808 0.0542649 0.0165722 0.0200395 0.108447 0.15295 0.00626036 
0.0763611 0.101487 0.0884559 0.0976326 0.0781945 0.0778871 0.0561136 0.194773 0.142548 0.0865478 
0.0144533 0.0031787 0.2276 0.140723 0.0727939 0.006836 0.00605626 0.151276 0.344405 0.0326772 
0.0371325 0.0341684 0.127594 0.205087 0.10704 0.119193 0.0430051 0.0295333 0.190424 0.106823 
0.0500837 0.0253437 0.386432 0.0454465 0.02278 0.034014 0.0259406 0.1788 0.203462 0.0276976 
0.0899838 0.00596275 0.245715 0.255381 0.0062696 0.145285 0.0636067 0.00586455 0.172982 0.0089494 
0.0406848 0.0921443 0.184021 0.0358093 0.126362 0.0528378 0.0371055 0.0945999 0.302413 0.0340221 
0.0251403 0.0424516 0.113499 0.147501 0.0122508 0.268212 0.0277052 0.0464023 0.286489 0.0303499 
0.0800933 0.00435616 0.339689 0.0886054 0.0168916 0.00286271 0.00216607 0.0798762 0.372254 0.0132058 
0.0154823 0.032086 0.101862 0.16569 0.210459 0.168278 0.00314525 0.0306986 0.216844 0.0554545 
0.129358 0.0103874 0.0913637 0.0736374 0.0438662 0.105284 0.138434 0.0386461 0.335727 0.0332963 
0.044754 0.0106917 0.22 0.380617 0.0266652 0.0366888 0.0413082 0.0314834 0.146574 0.0612172 
0.0544278 0.0159723 0.210842 0.107717 0.0253234 0.111256 0.0188128 0.232863 0.189375 0.0334099 
0.035719 0.00681838 0.288607 0.0709121 0.0200252 0.0329063 0.0429195 0.0176573 0.48118 0.00325529 
0.0940707 0.0331807 0.0832687 0.143563 0.0560429 0.25314 0.0779931 0.0344071 0.201033 0.0233019 
0.0298864 0.003189 0.182162 0.477118 0.00848548 0.0518735 0.027047 0.12142 0.0915169 0.00730144 
0.0132376 0.00607716 0.034349 0.0438539 0.0290675 0.105603 0.0058484 0.031894 0.640432 0.0896382 
0.036102 0.0698436 0.321805 0.0923767 0.0940623 0.0738947 0.0184167 0.0460011 0.158932 0.0885653 
0.0481163 0.0587103 0.209743 0.0805722 0.04426 0.138731 0.0462541 0.129301 0.140331 0.103981 
0.0278328 0.0376575 0.0853532 0.165021 0.0921773 0.256429 0.00675656 0.100944 0.208786 0.0190426 
0.0954395 0.0202953 0.39613 0.0486408 0.0296397 0.0761461 0.0569978 0.0649206 0.192143 0.0196473 
0.00537666 0.0013459 0.0108938 0.0828557 0.0213053 0.774393 0.00517472 0.021818 0.0293235 0.0475135 
0.0168296 0.0442765 0.090036 0.282834 0.108935 0.11396 0.0220041 0.12967 0.12279 0.0686643 
0.0342172 0.00829094 0.289306 0.458406 0.00989794 0.0433872 0.0147691 0.0313911 0.0521619 0.0581724 
0.00312259 0.00813235 0.17593 0.510834 0.0355989 0.0515798 0.000756613 0.03152 0.176963 0.00556378 
0.119976 0.034468 0.316054 0.0455606 0.0369902 0.053216 0.0731291 0.0180058 0.290618 0.0119816 
0.0316351 0.0773061 0.0869792 0.119573 0.144966 0.157282 0.0306331 0.126213 0.193489 0.0319243 
0.105723 0.0391923 0.186792 0.16376 0.0921228 0.0687565 0.0234032 0.035042 0.211439 0.0737695 
0.00992833 0.0139395 0.376896 0.173476 0.14898 0.0216341 0.01239 0.0672077 0.164525 0.0110235 
0.0305581 0.0266239 0.275592 0.19088 0.105604 0.0336188 0.0553968 0.0320523 0.106608 0.143066 
0.0586957 0.0111946 0.187486 0.235893 0.0315431 0.12739 0.0211605 0.0644659 0.157089 0.105082 
0.0537624 0.0669674 0.210261 0.124749 0.0489345 0.113193 0.0621711 0.0835803 0.168579 0.0678029 
0.0231142 0.0396233 0.179641 0.0283304 0.0688894 0.0255099 0.00629347 0.265792 0.352251 0.0105548 
0.000562631 0.00619607 0.717457 0.033284 0.0446171 0.0153142 0.00422687 0.0213585 0.156498 0.000485071 
0.0353373 0.0192782 0.0734881 0.0753157 0.0109478 0.17709 0.0600191 0.0251409 0.521839 0.00154389 
0.0298002 0.0212915 0.305846 0.0255586 0.086409 0.0298504 0.015136 0.193806 0.287887 0.00441578 
0.179034 0.0203625 0.0416362 0.0526344 0.0305859 0.116674 0.0550587 0.0500381 0.38041 0.0735661 
0.0471232 0.0469399 0.283407 0.13047 0.0400098 0.104351 0.0190157 0.181177 0.051987 0.0955197 
0.0235614 0.0182387 0.295335 0.239648 0.0162409 0.00357315 0.0606411 0.216188 0.103871 0.0227033 
0.031603 0.0150571 0.2756 0.102498 0.0391975 0.143023 0.0219023 0.0963747 0.209388 0.0653559 
0.0579844 0.0212775 0.708754 0.026648 0.0351316 0.0117252 0.0100796 0.0534192 0.0563852 0.0185952 
0.0115972 0.009054 0.100213 0.138815 0.0546423 0.166169 0.0100771 0.1024 0.385378 0.0216537 
0.0998303 0.0270384 0.199073 0.0420854 0.0887946 0.128934 0.0745252 0.0272641 0.262176 0.0502794 
0.00705933 0.0169159 0.459035 0.177787 0.0373045 0.103811 0.00846034 0.0417157 0.109686 0.0382244 
0.0856625 0.0392551 0.280553 0.134028 0.0593324 0.109201 0.061028 0.0537707 0.0924587 0.0847114 
0.0060057 0.000679112 0.0141188 0.027439 0.0011522 0.802024 0.0186485 0.0195757 0.0694569 0.0409005 
0.0150149 0.023739 0.169592 0.138128 0.0160326 0.0332676 0.0136591 0.110288 0.474709 0.00557021 
0.0909265 0.00214686 0.0296528 0.0100972 0.0636407 0.178364 0.226333 0.00713105 0.267038 0.124671 
0.0416017 0.0399256 0.0614368 0.094671 0.0677511 0.357253 0.057005 0.0343922 0.204133 0.041831 
0.0614506 0.0555294 0.14752 0.0718776 0.0958548 0.0932405 0.0443774 0.0403095 0.286435 0.103406 
0.0912768 0.0172838 0.130278 0.299364 0.0308501 0.0369276 0.0720042 0.0423268 0.116158 0.16353 
0.035467 0.00871039 0.072635 0.374462 0.0285922 0.176539 0.0999206 0.0211335 0.130484 0.0520567 
0.0485705 0.0347059 0.180153 0.200867 0.0883421 0.0634639 0.0305489 0.17741 0.0633875 0.112552 
0.112987 0.0251923 0.193106 0.0793586 0.0635274 0.0481917 0.168782 0.0245265 0.2689 0.0154288 
0.0508721 0.00753054 0.0613971 0.0632809 0.103772 0.0794866 0.0505297 0.330224 0.228706 0.0242023 
0.0603404 0.0431402 0.101564 0.110018 0.0296266 0.209869 0.0556215 0.0896202 0.117361 0.18284 
0.0209119 0.0221726 0.155194 0.24283 0.0179086 0.166273 0.0124508 0.0353392 0.306335 0.0205849 
0.0260811 0.0229835 0.264058 0.229371 0.0511511 0.0711776 0.0206595 0.0103653 0.282453 0.0217001 
0.0603385 0.0398713 0.100718 0.119286 0.0388209 0.0943429 0.0208038 0.432686 0.0703778 0.022754 
0.00697994 0.00623392 0.171583 0.360026 0.0907017 0.0245435 0.0119024 0.21419 0.0487459 0.0650932 
0.0517742 0.0458219 0.453291 0.122631 0.0945558 0.0494221 0.0467993 0.0332828 0.0887306 0.0136921 
0.124269 0.0165329 0.20579 0.0314736 0.0335668 0.0774757 0.0548235 0.0218126 0.401506 0.03275 
0.146564 0.0539333 0.104525 0.13741 0.126109 0.101117 0.0933139 0.0758975 0.139068 0.0220624 
0.058738 0.00691567 0.124885 0.0292004 0.033619 0.14229 0.0225131 0.0607528 0.505687 0.0153989 
0.0358648 0.0156851 0.38993 0.334438 0.0156997 0.0432917 0.0179523 0.0489219 0.0601249 0.0380917 
0.0160403 0.00860267 0.112291 0.102826 0.0818729 0.30902 0.0225841 0.016142 0.328729 0.00189212 
0.0386144 0.00895842 0.135438 0.0356251 0.0675422 0.0549271 0.0676499 0.0927494 0.496511 0.00198418 
0.0801375 0.0173871 0.303451 0.180729 0.00754597 0.159479 0.0583767 0.0255032 0.144547 0.0228447 
0.0823638 0.0747788 0.0831459 0.121193 0.195155 0.0416277 0.0375809 0.151754 0.156019 0.0563829 
0.0691821 0.0904893 0.0526376 0.0728105 0.0918936 0.252169 0.114471 0.0364053 0.127223 0.0927182 
0.291757 0.00959366 0.113749 0.0287756 0.0322616 0.0680404 0.245698 0.0119455 0.190104 0.00807472 
0.0172436 0.0831823 0.317571 0.0863942 0.00563264 0.134115 0.020129 0.0887796 0.191085 0.0558676 
0.0242113 0.00664462 0.707129 0.0753829 0.00708247 0.0317235 0.00472774 0.0022542 0.136198 0.00464652 
0.00594622 0.0343243 0.240256 0.232937 0.0974109 0.131731 0.0172173 0.0319315 0.189096 0.0191483 
0.0589812 0.0571458 0.256593 0.0664589 0.0444525 0.056928 0.0551609 0.0647169 0.223613 0.11595 
0.0241492 0.00868413 0.0934649 0.111377 0.11175 0.224568 0.0371965 0.138524 0.238749 0.0115375 
0.0422066 0.00897032 0.0981212 0.211881 0.0222936 0.230796 0.0547235 0.0169706 0.197773 0.116263 
0.0400465 0.0143814 0.407453 0.242728 0.0547228 0.0131148 0.0250433 0.0420672 0.15321 0.00723317 
0.0421191 0.0251077 0.0264018 0.0113325 0.0245724 0.282923 0.218577 0.0112155 0.341932 0.0158193 
0.0907306 0.0133932 0.079362 0.052121 0.142638 0.0649583 0.0521123 0.219806 0.214709 0.0701692 
0.00890217 0.00470972 0.104895 0.171423 0.0293587 0.1345 0.0346179 0.00167545 0.509105 0.000812825 
0.0493303 0.00807039 0.0579664 0.0309692 0.0427228 0.364064 0.0181678 0.15066 0.27426 0.00378866 
0.0650928 0.0117377 0.238673 0.186229 0.0349078 0.140037 0.0252276 0.0259924 0.226163 0.0459397 
0.144711 0.00230409 0.0612517 0.0252802 0.0120117 0.138027 0.136392 0.0107077 0.428752 0.0405629 
0.016678 0.0152144 0.145917 0.158211 0.293984 0.152011 0.00341728 0.0152806 0.190553 0.00873441 
0.0430632 0.0682835 0.459957 0.0914511 0.0349077 0.00929518 0.0793423 0.0482225 0.158396 0.00708177 
0.039821 0.0407869 0.144443 0.133479 0.0691371 0.171476 0.136181 0.0174699 0.21695 0.0302564 
0.0745321 0.0217569 0.222867 0.157381 0.00815039 0.142869 0.00501528 0.1988 0.125296 0.0433321 
0.0208677 0.00665983 0.702026 0.0330823 0.0153185 0.0225381 0.0151224 0.0201563 0.156702 0.00752737 
0.103554 0.0256721 0.0393834 0.0523703 0.0250357 0.199557 0.0614416 0.128264 0.305803 0.0589179 
0.0380631 0.0359499 0.234811 0.284873 0.0100529 0.0756598 0.00393816 0.0440023 0.168252 0.104398 
0.0221477 0.0224975 0.293349 0.1347 0.0269071 0.083492 0.00440718 0.0150654 0.374494 0.0229395 
0.0237516 0.0180159 0.136161 0.0558648 0.0623855 0.0817535 0.0375166 0.0123376 0.552008 0.0202054 
0.0671209 0.0433136 0.138658 0.0422456 0.107382 0.0379318 0.0317293 0.204556 0.31876 0.00830351 
0.0692862 0.038023 0.14574 0.0413201 0.0253862 0.178631 0.100999 0.0185674 0.368703 0.0133433 
0.177531 0.015821 0.215665 0.0460112 0.0600588 0.22497 0.109676 0.0256352 0.0869896 0.0376429 
0.0513997 0.0105414 0.0705899 0.285322 0.0319461 0.187292 0.0277006 0.0275862 0.19132 0.116302 
0.0207698 0.0503836 0.159119 0.112636 0.0828647 0.0742638 0.00660727 0.14472 0.297155 0.0514804 
0.00892112 0.00380104 0.316387 0.27435 0.0457972 0.11467 0.00920462 0.0510224 0.128213 0.0476327 
0.0266876 0.0154199 0.195546 0.164194 0.0082863 0.121885 0.0403071 0.0727563 0.338401 0.0165158 
0.110231 0.0155962 0.196744 0.18588 0.0138539 0.169492 0.0398833 0.0497521 0.1909 0.0276678 
0.208972 0.0340066 0.0557221 0.0374632 0.135284 0.166395 0.089237 0.0343285 0.226491 0.0121014 
0.0692165 0.0347964 0.411304 0.123472 0.00330311 0.0600227 0.00492942 0.0366062 0.239557 0.0167925 
0.0695299 0.00912122 0.0782739 0.0651602 0.032164 0.266757 0.0307742 0.00713341 0.432267 0.00881935 
0.051467 0.0470087 0.105641 0.110168 0.0120578 0.0860286 0.0602011 0.119171 0.350445 0.057812 
0.00354741 0.0433328 0.336875 0.182723 0.0040948 0.0533706 0.0344553 0.0152075 0.304378 0.022016 
0.0564576 0.0834288 0.150487 0.226019 0.111945 0.0797589 0.0482145 0.057991 0.155752 0.0299466 
0.104431 0.0606173 0.119804 0.0701736 0.121348 0.0673346 0.111431 0.152178 0.160071 0.0326114 
0.00735488 0.094582 0.625794 0.0807752 0.0482165 0.0242962 0.0254996 0.0109301 0.0737895 0.00876215 
0.129841 0.0254984 0.144158 0.119952 0.00918661 0.173329 0.0624578 0.0199948 0.291799 0.0237838 
0.0193894 0.0133589 0.183166 0.213006 0.0055843 0.0459796 0.00135383 0.198033 0.314182 0.00594688 
0.0176585 0.0270596 0.213216 0.215661 0.0247775 0.257149 0.0163123 0.0472417 0.170069 0.0108551 
0.0249675 0.0309109 0.193068 0.0811654 0.0514152 0.1319 0.0339791 0.044698 0.348426 0.0594693 
0.0278949 0.0233722 0.335041 0.26735 0.0509676 0.0274047 0.021871 0.0431236 0.192667 0.0103088 
0.0120349 0.0645735 0.181164 0.125016 0.0720009 0.144928 0.00238395 0.225155 0.150709 0.0220343 
0.0845329 0.0208478 0.104722 0.0421726 0.111987 0.219818 0.0331798 0.0539282 0.261546 0.0672663 
0.0790398 0.0821184 0.187568 0.0816178 0.0380081 0.0987768 0.0264645 0.182247 0.194194 0.0299664 
0.0237516 0.0256796 0.110616 0.272313 0.0168112 0.0912821 0.00364039 0.131192 0.307296 0.0174181 
0.0697827 0.08905 0.203485 0.0415469 0.12501 0.0474192 0.0220258 0.165962 0.197833 0.0378844 
0.0134682 0.0210124 0.101126 0.112549 0.0327211 0.144346 0.0372502 0.0498591 0.459717 0.0279511 
0.0798097 0.0422769 0.210648 0.0460167 0.0694323 0.103268 0.0629348 0.0645695 0.250957 0.0700872 
0.0188996 0.0668092 0.19973 0.0633839 0.0231878 0.116998 0.0294676 0.0578549 0.35482 0.068849 
0.0886652 0.0153271 0.185721 0.0988398 0.141901 0.104463 0.0792601 0.060125 0.189103 0.0365955 
0.0200279 0.0353648 0.100048 0.179996 0.0276869 0.406822 0.0162496 0.0111265 0.160082 0.0425967 
0.0274911 0.0194835 0.126963 0.104522 0.0166084 0.336951 0.0333525 0.0399391 0.153389 0.141301 
0.0221592 0.0509546 0.456377 0.121588 0.00865495 0.0608185 0.013674 0.0692112 0.12461 0.0719523 
0.00831931 0.00272207 0.0277342 0.0673296 0.00995105 0.207291 0.117458 0.0025994 0.54792 0.00867551 
0.0675746 0.0270279 0.144112 0.148575 0.0497401 0.174956 0.0466966 0.0414954 0.267049 0.0327737 
0.00601651 0.00853939 0.0365392 0.389734 0.0109487 0.00416381 0.0198482 0.00419013 0.515039 0.00498196 
0.0320516 0.0555742 0.276286 0.143835 0.052473 0.084296 0.0612554 0.0475272 0.224309 0.0223937 
0.0103934 0.00608927 0.0591935 0.274459 0.021186 0.260999 0.0928674 0.00790979 0.264906 0.00199687 
0.0557069 0.0226615 0.102722 0.0490086 0.134298 0.345756 0.0451578 0.0548383 0.157665 0.032186 
0.0494709 0.0166254 0.305719 0.0222914 0.362598 0.0410714 0.0305629 0.0605088 0.102296 0.00885614 
0.0198236 0.00264153 0.106959 0.069076 0.0243057 0.0906451 0.027848 0.0385222 0.574888 0.0452906 
0.129594 0.0331709 0.208117 0.0342675 0.0671793 0.0802802 0.128235 0.0829658 0.193403 0.0427878 
0.0401856 0.000591682 0.0438781 0.25886 0.0767964 0.179089 0.0203468 0.0258215 0.0739977 0.280433 
0.0573262 0.0146698 0.248293 0.16156 0.0142884 0.154684 0.0211792 0.156678 0.128806 0.0425153 
0.038154 0.0726847 0.314461 0.125909 0.0344914 0.0521867 0.0336459 0.0599844 0.200949 0.0675339 
0.0986032 0.038595 0.445633 0.0300085 0.147966 0.0556609 0.0641362 0.0178532 0.0818215 0.0197232 
0.05114 0.0236345 0.201173 0.154049 0.105116 0.0854759 0.0634214 0.0510824 0.195151 0.0697565 
0.0618986 0.0188681 0.125226 0.123692 0.0448773 0.101699 0.0493173 0.0163318 0.431038 0.0270528 
0.0162303 0.0103378 0.0968377 0.274986 0.0250132 0.0467697 0.0196452 0.378624 0.11129 0.0202663 
0.0443543 0.0141023 0.295595 0.101284 0.0653011 0.123765 0.02545 0.0274537 0.285548 0.017146 
0.0634086 0.00236937 0.23974 0.210229 0.073551 0.0324635 0.138728 0.011026 0.21541 0.0130749 
0.0238718 0.00827532 0.103074 0.624992 0.00622373 0.0702736 0.00288313 0.0659804 0.0757645 0.0186609 
0.0044901 0.00172441 0.127992 0.0405305 0.209684 0.129742 0.0154126 0.0188492 0.432938 0.0186372 
0.0282952 0.0127608 0.26232 0.0499643 0.19306 0.241153 0.0172865 0.00533035 0.121384 0.0684466 
0.0238495 0.00765087 0.163698 0.408566 0.00999709 0.050339 0.00497214 0.0333781 0.28644 0.0111091 
0.0408627 0.0104905 0.111852 0.295061 0.0162313 0.202218 0.0115096 0.0293157 0.234805 0.0476548 
0.0809282 0.0393042 0.202413 0.0857286 0.0297221 0.0546334 0.0530958 0.109465 0.289745 0.0549645 
0.0201135 0.0203526 0.186 0.238994 0.107441 0.0324566 0.0388764 0.0587163 0.26918 0.0278693 
0.0296942 0.00543858 0.0184198 0.280524 0.0764601 0.38174 0.0145686 0.0163432 0.111346 0.0654664 
0.128134 0.0953787 0.166117 0.0928053 0.120645 0.0704487 0.0393244 0.0281268 0.232177 0.0268427 
0.0652604 0.0724358 0.168004 0.0786066 0.0479321 0.107049 0.0553169 0.296639 0.073962 0.034794 
0.0629804 0.0473211 0.230893 0.113107 0.0798581 0.0582459 0.0579147 0.0828282 0.166508 0.100345 
0.020123 0.10775 0.50308 0.0962132 0.0265429 0.0339085 0.00341997 0.139128 0.0413343 0.0285006 
0.00726612 0.00145589 0.054089 0.129883 0.0105717 0.66044 0.0390884 0.00586277 0.0758284 0.0155144 
0.0685788 0.0162579 0.221922 0.0545016 0.242988 0.0446907 0.147261 0.0527364 0.141664 0.00939998 
0.020599 0.00190843 0.366564 0.0106492 0.0156089 0.091463 0.00285453 0.0715436 0.416904 0.00190528 
0.0395502 0.0150118 0.178523 0.126665 0.0558699 0.337233 0.0645455 0.0125688 0.130057 0.0399762 
0.471559 0.0139125 0.21515 0.0675215 0.0316707 0.0377723 0.0590508 0.0245622 0.0670579 0.0117429 
0.0279339 0.0184312 0.174845 0.0103276 0.161493 0.019111 0.026912 0.159968 0.397008 0.00397057 
0.0236061 0.0219771 0.262075 0.130306 0.0040285 0.300846 0.00962052 0.0591591 0.0640084 0.124373 
0.0728118 0.0243639 0.253879 0.239347 0.135489 0.0040765 0.0556597 0.056616 0.143348 0.0144104 
0.0352424 0.0484577 0.501325 0.0450373 0.0231435 0.120716 0.0087312 0.0604156 0.113083 0.0438473 
0.0554604 0.0708277 0.257364 0.0872172 0.0742763 0.211671 0.00775734 0.0512444 0.146204 0.0379772 
0.00868777 0.0342384 0.40446 0.229827 0.0837345 0.0831124 0.004039 0.0228788 0.124892 0.00412947 
0.0264573 0.014055 0.186559 0.1565 0.0308276 0.0329262 0.0222527 0.093786 0.309781 0.126855 
0.0131518 0.0106275 0.367412 0.0901762 0.0968364 0.0454585 0.00387486 0.113547 0.246379 0.012537 
0.0107964 0.00151351 0.0212955 0.109279 0.00414009 0.341909 0.030185 0.0505999 0.31595 0.114331 
0.0629006 0.00961452 0.229034 0.14532 0.00838032 0.210332 0.0260956 0.00539606 0.23974 0.0631863 
0.0420858 0.00557457 0.358804 0.362848 0.0456316 0.0208743 0.022163 0.0357487 0.0810031 0.0252673 
0.0220262 0.0312715 0.170991 0.114713 0.133694 0.100222 0.0689793 0.0200615 0.333806 0.00423514 
0.00684989 0.00345457 0.152039 0.472848 0.00326109 0.0287339 0.0124425 0.0485934 0.267745 0.00403329 
0.0238549 0.000911858 0.0446747 0.157902 0.0224347 0.159765 0.0463374 0.0281327 0.322535 0.193451 
0.0198011 0.00157423 0.0406921 0.323311 0.00037542 0.181831 0.0406863 0.0323286 0.341086 0.0183152 
0.0412888 0.00683215 0.425441 0.205748 0.022469 0.0439833 0.0789027 0.0248606 0.138203 0.0122719 
0.0100156 0.00437301 0.0479852 0.333719 0.014544 0.188058 0.0141352 0.0745342 0.27697 0.0356666 
0.077612 0.0263139 0.122323 0.14286 0.0496012 0.182985 0.0405363 0.187917 0.137139 0.0327129 
0.0118503 0.0293234 0.158552 0.111745 0.0476598 0.238882 0.00526944 0.23595 0.129263 0.0315046 
0.0111767 0.0053159 0.00997196 0.288296 0.0474977 0.377802 0.00212742 0.0109352 0.136143 0.110734 
0.0970251 0.00871028 0.112452 0.119864 0.00913568 0.106541 0.0741461 0.101653 0.2677 0.102773 
0.0350851 0.0151228 0.0818256 0.0720108 0.0292353 0.357587 0.0205778 0.0330809 0.322996 0.0324788 
0.105336 0.0242338 0.108482 0.206184 0.0572956 0.0756287 0.0636734 0.0348932 0.219118 0.105156 
0.0229249 0.0157004 0.127612 0.32699 0.0174318 0.0534776 0.00506384 0.139106 0.251565 0.0401284 
0.056615 0.0050226 0.252938 0.122495 0.0664055 0.0256681 0.0242101 0.109899 0.320778 0.0159696 
0.0663055 0.0100895 0.5114 0.0498893 0.00783085 0.003104 0.00906604 0.0290618 0.283891 0.0293625 
0.0492561 0.029781 0.20788 0.313618 0.095862 0.0663895 0.0399739 0.0620383 0.119681 0.0155199 
0.0484508 0.188335 0.176198 0.0609247 0.106951 0.0429474 0.0104706 0.238742 0.0838347 0.0431455 
0.0347923 0.0456493 0.213052 0.0893964 0.218563 0.0982736 0.0261366 0.142024 0.0769599 0.0551522 
0.0813715 0.0520638 0.0796877 0.0829907 0.10418 0.189009 0.071838 0.0623263 0.242475 0.0340578 
0.0038611 0.000875273 0.052664 0.691274 0.00227032 0.0339023 0.00089737 0.0149888 0.171058 0.028208 
0.0930656 0.016666 0.0934852 0.252235 0.0148632 0.189732 0.0219087 0.0826488 0.202513 0.0328828 
0.0481836 0.032595 0.13996 0.261433 0.057508 0.111494 0.07557 0.0254105 0.181618 0.0662282 
0.0655085 0.0219002 0.0824751 0.0884635 0.0714915 0.251585 0.0296941 0.10293 0.192188 0.0937638 
0.0200615 0.00265961 0.0403204 0.264568 0.0439489 0.272004 0.0250197 0.0222948 0.245727 0.0633967 
0.0258126 0.0165262 0.0547644 0.0819412 0.0223711 0.247426 0.0430528 0.0288469 0.357912 0.121347 
0.0137446 0.00493695 0.0264365 0.0469868 0.0568633 0.300768 0.0314109 0.129233 0.226781 0.162839 
0.163484 0.0368933 0.195965 0.061436 0.0574667 0.0565311 0.079156 0.0994023 0.230572 0.0190937 
0.0295208 0.0253401 0.0873838 0.209136 0.0331221 0.291673 0.0354028 0.0420783 0.216797 0.029545 
0.078732 0.0276429 0.115872 0.0535631 0.0607854 0.132318 0.081026 0.146618 0.28863 0.0148136 
0.0397837 0.04215 0.177487 0.0792124 0.145583 0.191591 0.0311322 0.0400086 0.217967 0.0350859 
0.0358031 0.0471396 0.178223 0.121184 0.0410419 0.0827017 0.0159234 0.158728 0.281193 0.0380621 
0.0432393 0.0322714 0.125561 0.0506648 0.0762195 0.217134 0.0597733 0.0211048 0.35884 0.0151922 
0.00796869 0.000724958 0.010785 0.289825 0.206112 0.183333 0.00894212 0.0164258 0.124536 0.151348 
0.0519822 0.0632812 0.0613256 0.138023 0.0229657 0.187038 0.061206 0.143523 0.231399 0.039256 
0.00396284 0.103773 0.347496 0.128448 0.0466424 0.165125 0.0160327 0.0527781 0.0959181 0.0398243 
0.0428606 0.0291753 0.276117 0.212305 0.0383722 0.0679677 0.0296659 0.0197661 0.244205 0.0395649 
0.0291432 0.0329197 0.170959 0.030854 0.163479 0.0987487 0.0299685 0.0111387 0.399204 0.0335848 
0.0839678 0.0489101 0.23372 0.135189 0.0799586 0.0817964 0.0712482 0.0780571 0.15509 0.0320622 
0.0246299 0.0132661 0.649288 0.0470472 0.0731345 0.00887132 0.00614865 0.124324 0.0471594 0.00613132 
0.0297544 0.0166357 0.215503 0.33758 0.0108689 0.0414786 0.0678006 0.0525827 0.213026 0.0147706 
0.019497 0.151457 0.651754 0.0315474 0.0487746 0.036796 0.00691934 0.0117973 0.0365952 0.00486217 
0.0214331 0.134227 0.0896518 0.0764148 0.0328669 0.210576 0.0741139 0.0180873 0.324727 0.0179016 
0.0617117 0.00196101 0.0170161 0.367402 0.0143247 0.298076 0.0473026 0.0074831 0.117229 0.0674928 
0.0538288 0.0289671 0.0631152 0.0686827 0.0170081 0.133854 0.0335735 0.00650841 0.588991 0.00547082 
0.0349813 0.0187513 0.133709 0.131458 0.0277413 0.0813577 0.0449787 0.0514673 0.316414 0.159142 
0.0286784 0.0181443 0.324694 0.265377 0.0507357 0.0661966 0.0188616 0.024462 0.17859 0.0242592 
0.0236697 0.0520236 0.182628 0.168559 0.08838 0.152547 0.0113503 0.0421922 0.191149 0.0875006 
0.136556 0.047366 0.0386496 0.136686 0.0296338 0.193908 0.0416728 0.0455217 0.246618 0.083387 
0.0308501 0.0303279 0.283125 0.0559547 0.04905 0.0221914 0.00258895 0.498519 0.0240296 0.00336307 
0.0190162 0.00287315 0.0245044 0.115339 0.09589 0.479327 0.0195139 0.00547813 0.165034 0.0730248 
0.085884 0.119488 0.342258 0.0601569 0.0964958 0.0399033 0.045871 0.0533543 0.094467 0.0621218 
0.101462 0.0242449 0.316313 0.0947737 0.0278856 0.0164628 0.0260289 0.114052 0.271012 0.00776554 
0.0596355 0.0352408 0.29873 0.0693012 0.150257 0.0469452 0.0532012 0.173475 0.102863 0.0103515 
0.0948346 0.0302653 0.215577 0.119765 0.193655 0.0316788 0.0695665 0.0679872 0.152118 0.024552 
0.0495285 0.0192527 0.164869 0.268259 0.0397715 0.0102269 0.0700671 0.317439 0.0521751 0.00841108 
0.0183253 0.0185801 0.058802 0.0806527 0.169409 0.116471 0.0295597 0.206847 0.271346 0.0300067 
0.0485176 0.0435065 0.224451 0.276467 0.0422904 0.0381078 0.0327983 0.077451 0.187588 0.0288223 
0.0205472 0.0392891 0.259098 0.153616 0.060852 0.144487 0.0308927 0.0181782 0.25054 0.0224999 
0.0226648 0.0106222 0.113543 0.257927 0.144108 0.0574989 0.0700198 0.0568602 0.261294 0.00546183 
0.0158424 0.0103827 0.308429 0.155631 0.0220507 0.141835 0.00332758 0.142467 0.142144 0.0578904 
0.050926 0.00425129 0.0519334 0.01159 0.111058 0.169861 0.098381 0.00559935 0.459069 0.0373313 
0.0432545 0.00407827 0.0369551 0.214677 0.109077 0.26819 0.0248908 0.0267597 0.170532 0.101586 
0.00660088 0.012544 0.252198 0.10206 0.192856 0.212623 0.0061248 0.117596 0.0594569 0.0379401 
0.0329133 0.0141101 0.106987 0.288159 0.00528815 0.233915 0.0298666 0.0549473 0.222361 0.0114532 
0.115008 0.0686569 0.0819169 0.08739 0.110912 0.11637 0.0602707 0.10854 0.175644 0.0752914 
0.0801949 0.0407717 0.0758126 0.094027 0.109709 0.25098 0.06286 0.0278427 0.226463 0.0313394 
0.0480581 0.0303858 0.192379 0.13693 0.0933948 0.0938454 0.023442 0.111509 0.122887 0.147168 
0.0377381 0.0240662 0.0725919 0.183466 0.189053 0.0791965 0.0386685 0.110581 0.163441 0.101198 
0.0272533 0.00770484 0.391938 0.124247 0.0142098 0.0173611 0.00894479 0.311602 0.0745468 0.0221924 
0.022726 0.0247135 0.451217 0.336051 0.0252015 0.0235437 0.0201586 0.0405991 0.0386966 0.0170924 
0.0554328 0.0256106 0.450286 0.08165 0.0512416 0.00972371 0.0423464 0.171012 0.100734 0.0119632 
0.080996 0.038446 0.100425 0.10392 0.107576 0.0679992 0.0947619 0.0506122 0.311793 0.0434707 
0.0726148 0.0812223 0.145051 0.201135 0.0167583 0.165935 0.0745062 0.0380524 0.168385 0.0363395 
0.0468783 0.00173645 0.0230972 0.0516754 0.0624868 0.119089 0.050389 0.0389332 0.569523 0.0361912 
0.0248255 0.0205974 0.148683 0.0708639 0.0586053 0.381117 0.0850858 0.0340891 0.156336 0.019797 
0.0218041 0.0418864 0.239556 0.0545703 0.14522 0.0560637 0.0569737 0.0280072 0.348026 0.0078928 
0.0369768 0.0201758 0.104876 0.141204 0.0592875 0.0179636 0.049191 0.265078 0.269783 0.0354652 
0.137035 0.0236569 0.195926 0.192791 0.035004 0.0278989 0.111581 0.0543843 0.14971 0.0720122 
0.0326599 0.0314079 0.375266 0.207885 0.0124101 0.0342564 0.027199 0.124538 0.107794 0.0465834 
0.0714191 0.0181578 0.0337919 0.0802411 0.0386578 0.435323 0.0527361 0.0174678 0.199952 0.0522527 
0.0504121 0.0132275 0.152642 0.0282601 0.217208 0.0803598 0.017504 0.055656 0.287613 0.0971181 
0.051062 0.00833129 0.148163 0.236405 0.033242 0.0772629 0.0432497 0.0489848 0.226133 0.127166 
0.0558872 0.010574 0.218961 0.0449435 0.28341 0.0439964 0.0150846 0.0593384 0.245913 0.0218919 
0.0208909 0.00575233 0.2292 0.302559 0.077799 0.0706791 0.0121662 0.03725 0.152503 0.0912014 
0.0161713 0.00601685 0.0499046 0.0309256 0.0394479 0.0945767 0.010068 0.0299728 0.717566 0.00534981 
0.00672651 0.00976586 0.308944 0.32414 0.0283189 0.00212772 0.00982119 0.258784 0.0374707 0.0139011 
0.0744643 0.0950492 0.171539 0.252036 0.0302246 0.171092 0.0259439 0.0552423 0.0896715 0.0347364 
0.0437408 0.0213481 0.143993 0.136185 0.0226266 0.186035 0.054399 0.0305494 0.331063 0.03006 
0.0244316 0.00922482 0.0923599 0.555827 0.0689795 0.0779249 0.0100251 0.0302171 0.0982705 0.0327399 
0.0202916 0.00927832 0.385623 0.0669579 0.198795 0.021642 0.00762382 0.125438 0.14729 0.0170599 
0.0994477 0.127672 0.240475 0.0457553 0.0436473 0.121436 0.0265629 0.0687239 0.179571 0.0467085 
0.0396053 0.0202195 0.0934299 0.146035 0.0274974 0.0805099 0.0587437 0.338729 0.171418 0.0238132 
0.0883163 0.0947195 0.111378 0.0877299 0.0755696 0.0879297 0.0170699 0.181709 0.239247 0.0163306 
0.0280729 0.0120355 0.31818 0.110683 0.0256649 0.171688 0.00735712 0.0288917 0.223195 0.0742321 
0.123385 0.00921737 0.202965 0.130425 0.106872 0.116878 0.0933556 0.0301511 0.116345 0.0704064 
0.0568242 0.00852157 0.167564 0.1913 0.0269283 0.0646283 0.0342168 0.0424186 0.39574 0.0118584 
0.0174353 0.00308332 0.127071 0.216622 0.00839544 0.111906 0.0038286 0.163768 0.304584 0.0433069 
0.0224756 0.00373264 0.0779902 0.0528405 0.00292728 0.49143 0.117915 0.0228356 0.129392 0.0784608 
0.133551 0.0657362 0.163613 0.0752169 0.0573595 0.0835926 0.0778805 0.0645055 0.235788 0.0427564 
0.11481 0.0265868 0.197297 0.121458 0.0675003 0.144551 0.10863 0.052176 0.110505 0.056487 
0.00725489 0.00687049 0.594837 0.102864 0.0785621 0.00897097 0.0180627 0.0854297 0.0901747 0.00697418 
0.145224 0.0291952 0.267858 0.0674818 0.0217754 0.098504 0.0124708 0.213083 0.100031 0.0443762 
0.10628 0.0218359 0.101774 0.322886 0.0651933 0.0704989 0.0610485 0.0247694 0.134664 0.091051 
0.0794126 0.0115324 0.079245 0.331933 0.0387342 0.0399395 0.0847589 0.0536936 0.256716 0.0240356 
0.0623918 0.0340031 0.358661 0.0916279 0.110208 0.0177737 0.112596 0.0592701 0.145981 0.00748775 
0.0445636 0.00347288 0.34233 0.226731 0.0161433 0.0746441 0.0625423 0.0971194 0.092524 0.0399298 
0.18095 0.0186375 0.340254 0.0623376 0.0442326 0.0450949 0.0163284 0.0449873 0.240606 0.00657108 
0.0194207 0.0469784 0.437535 0.0949092 0.00818007 0.0348372 0.0180985 0.0579254 0.254644 0.027472 
0.0594299 0.0150253 0.132382 0.260104 0.0672474 0.0725756 0.091252 0.0439011 0.229539 0.0285437 
0.0644169 0.00870967 0.211505 0.116493 0.13234 0.280507 0.0127908 0.0389102 0.0906912 0.0436363 
0.0653683 0.0256141 0.193076 0.0871582 0.0356082 0.201969 0.025128 0.0161075 0.267451 0.0825201 
0.0920185 0.00237498 0.211041 0.117124 0.00688165 0.0477231 0.136332 0.00312885 0.374595 0.00878087 
0.00525461 0.00620016 0.00919975 0.355824 0.0734158 0.33407 0.00419587 0.0289847 0.101354 0.0815009 
0.103537 0.0202332 0.43915 0.0327141 0.0461888 0.0571071 0.0356193 0.0704775 0.175163 0.0198098 
0.116643 0.0017109 0.047428 0.458935 0.0041574 0.0851983 0.0105077 0.0595978 0.12168 0.0941415 
0.053704 0.00741001 0.159601 0.1584 0.0384556 0.0385867 0.0349256 0.0811503 0.412104 0.0156632 
0.137177 0.0407412 0.11939 0.107772 0.0342958 0.178558 0.0912814 0.0579318 0.146054 0.0867987 
0.0646762 0.0262117 0.173487 0.211184 0.0212515 0.099163 0.0417951 0.0769038 0.247678 0.0376494 
0.0210047 0.0117731 0.0961207 0.295567 0.0724987 0.12018 0.00316336 0.240736 0.0965735 0.0423831 
0.00944667 0.0123666 0.130926 0.22669 0.201097 0.0949259 0.00778354 0.0256077 0.182672 0.108485 
2.53231e-05 0.000212258 0.0524858 0.357046 5.69036e-05 0.000106924 2.36126e-05 0.588709 0.00128882 4.54851e-05 
0.0301481 0.0114758 0.0172489 0.0921663 0.0125916 0.360851 0.0893234 0.0235803 0.35675 0.00586479 
0.0165655 0.0621421 0.261813 0.14865 0.109154 0.00770126 0.0207155 0.322655 0.045683 0.0049205 
0.141066 0.0117858 0.378741 0.0346598 0.0128845 0.0607981 0.0070685 0.297079 0.0342788 0.021638 
0.138313 0.0390161 0.102081 0.0756821 0.0692554 0.160692 0.0391515 0.0496141 0.305218 0.0209773 
0.035841 0.0260692 0.218533 0.16997 0.0172093 0.0846968 0.037437 0.0670352 0.312192 0.0310173 
0.0232051 0.0249441 0.20628 0.0167126 0.307436 0.200268 0.0109661 0.145271 0.0433658 0.0215514 
0.0497871 0.0681352 0.147315 0.212061 0.065082 0.0674622 0.00585289 0.13813 0.0743256 0.171849 
0.00839559 0.00326098 0.0308686 0.119854 0.0213245 0.452141 0.0179493 0.0425305 0.281821 0.0218547 
0.0139895 0.00561745 0.675524 0.0993785 0.0180347 0.00378257 0.0111058 0.109666 0.0431553 0.0197462 
0.0749418 0.0107245 0.103963 0.0351768 0.202156 0.184044 0.0511347 0.0627657 0.168436 0.106658 
0.00054566 0.00057065 0.18533 0.691048 0.00272889 0.0022585 0.00194564 0.0954787 0.0181654 0.00192784 
0.0356591 0.00539392 0.146436 0.28391 0.00148473 0.309754 0.0101986 0.0145186 0.162606 0.030038 
0.0511742 0.0466969 0.210546 0.100799 0.0618512 0.112079 0.0658175 0.0851815 0.262035 0.00381978 
0.0897585 0.0304441 0.122476 0.365608 0.0352869 0.0496405 0.0323151 0.0741624 0.133716 0.066592 
0.038946 0.0417809 0.157754 0.130828 0.0333025 0.0673613 0.0305967 0.0928752 0.378222 0.0283331 
0.0742173 0.0255008 0.191397 0.10326 0.0643138 0.137962 0.0388338 0.0268563 0.268936 0.0687236 
0.0501692 0.00780752 0.0340979 0.0223963 0.0698486 0.0401842 0.022503 0.130799 0.616901 0.00529325 
0.0122923 0.0113323 0.118268 0.410422 0.0160348 0.0873621 0.00877779 0.0970465 0.153965 0.0845001 
0.14669 0.00355455 0.062564 0.0766823 0.0665375 0.223494 0.247715 0.00511333 0.157022 0.0106286 
0.0430568 0.0167843 0.0433586 0.120345 0.0509196 0.218125 0.0349166 0.226874 0.189326 0.0562946 
0.0332318 0.0138823 0.104139 0.0607862 0.078323 0.0234764 0.0950608 0.171429 0.412466 0.00720492 
0.136237 0.0510124 0.178825 0.0793068 0.0277379 0.0808571 0.0485492 0.010194 0.368817 0.0184636 
0.0877184 0.0052934 0.129604 0.0515258 0.225512 0.0883282 0.089883 0.0132467 0.175513 0.133375 
0.0797728 0.0680643 0.110153 0.120642 0.129596 0.114712 0.0533502 0.177063 0.131508 0.0151388 
0.0042408 0.000368638 0.0429748 0.295643 0.000163404 0.42293 0.00195729 0.0848404 0.12446 0.0224217 
0.00722481 0.000441073 0.0394662 0.64607 0.00203878 0.0562047 0.0293925 0.00291385 0.18216 0.0340879 
0.0694093 0.00401337 0.0529459 0.598867 0.00866944 0.106377 0.0170868 0.0187769 0.0798372 0.0440176 
0.0508664 0.0307166 0.150164 0.0675419 0.0282967 0.186288 0.0447194 0.067917 0.301716 0.0717736 
0.0277386 0.00841617 0.06573 0.48177 0.0161201 0.128715 0.0362282 0.0644885 0.125617 0.0451771 
0.0809279 0.00876586 0.402593 0.0975934 0.0208296 0.0299312 0.0358039 0.0336874 0.280172 0.00969598 
0.0271488 0.00926462 0.269576 0.430147 0.0329805 0.012027 0.00368167 0.129548 0.0503265 0.0353 
0.0284898 0.0349152 0.254385 0.121326 0.0621534 0.168685 0.0239228 0.0590037 0.200825 0.0462948 
0.12172 0.0394221 0.163293 0.0950651 0.0379288 0.0585541 0.0476516 0.146899 0.201516 0.0879516 
0.0636039 0.104713 0.130512 0.0826401 0.155202 0.0558493 0.100197 0.0993461 0.159246 0.0486908 
0.0234597 0.0237861 0.232633 0.246863 0.0242715 0.208658 0.0268145 0.0615093 0.073016 0.0789899 
0.123118 0.0319176 0.108416 0.34307 0.0812 0.0647062 0.00835526 0.036604 0.13924 0.0633725 
0.00762973 0.00103234 0.314237 0.0223438 0.530901 0.0459837 0.00951062 0.0173055 0.0246102 0.026446 
0.169351 0.030723 0.331844 0.0275462 0.153823 0.0301016 0.0230119 0.0819427 0.138648 0.0130073 
0.253164 0.0125304 0.0878881 0.0958192 0.0648459 0.0943312 0.0565184 0.0184185 0.271503 0.0449813 
0.00446864 0.0171038 0.25817 0.139675 0.0150887 0.0159988 0.00336286 0.141074 0.402031 0.00302765 
0.0454804 0.024457 0.113305 0.0985332 0.0351945 0.161273 0.0792613 0.0709018 0.309006 0.0625874 
0.00940408 0.00740173 0.0316934 0.0713839 0.00307089 0.551679 0.00837904 0.0442876 0.163744 0.108956 
0.032839 0.00980056 0.0894077 0.204713 0.0593889 0.31361 0.0186724 0.0103821 0.228385 0.0328016 
0.0923809 0.015329 0.150744 0.201853 0.0971035 0.0828026 0.0670802 0.0722084 0.179 0.0414983 
0.00161502 0.0211434 0.308917 0.110297 0.00079621 0.0103786 0.00041465 0.527638 0.0120598 0.0067409 
0.0269431 0.0481202 0.325356 0.0455802 0.0986212 0.11991 0.0171707 0.0506057 0.241279 0.0264134 
0.0510004 0.068883 0.319883 0.0729392 0.0526052 0.0261689 0.016905 0.324432 0.0539851 0.0131985 
0.0573662 0.0269528 0.158394 0.349891 0.0484397 0.110121 0.0395873 0.03705 0.120114 0.0520835 
0.032111 0.0224103 0.162087 0.178479 0.0530248 0.0532511 0.0444062 0.260614 0.0760067 0.117611 
0.0358239 0.0490622 0.372449 0.0837133 0.0791649 0.0248183 0.0759833 0.0569077 0.194646 0.0274321 
0.179128 0.01746 0.0604123 0.0549606 0.0782505 0.166288 0.136355 0.0150373 0.288974 0.00313462 
0.0741942 0.0611392 0.192019 0.203903 0.0452606 0.125632 0.0527885 0.0957008 0.110647 0.038715 
0.0111232 0.00224841 0.0506232 0.0762716 0.00737918 0.509347 0.00968604 0.0303868 0.139952 0.162983 
0.0923799 0.110477 0.0696191 0.0907825 0.177328 0.0911449 0.0566045 0.192327 0.0947141 0.0246235 
0.0228132 0.00881004 0.661955 0.000701968 0.00897986 0.00229348 0.00108117 0.0052618 0.287755 0.000347926 
0.0112537 0.00261315 0.0050605 0.00679225 0.0546538 0.733362 0.0505864 0.00806974 0.101525 0.0260831 
0.0250969 0.0468746 0.29347 0.113976 0.0959538 0.0586942 0.0124418 0.185388 0.128562 0.0395423 
0.0123483 0.0172589 0.0892708 0.0210139 0.208924 0.109935 0.0115098 0.0506267 0.463056 0.0160579 
0.0239486 0.00884644 0.0360552 0.116298 0.0264899 0.199149 0.0923749 0.00945812 0.444268 0.0431117 
0.0217214 0.0130475 0.389964 0.135602 0.0537384 0.155377 0.0122369 0.082871 0.126072 0.00937055 
0.0258941 0.0158802 0.0424403 0.0245869 0.0782154 0.0288887 0.101238 0.0992725 0.576476 0.00710693 
0.0189864 0.00988772 0.0457982 0.108987 0.0307296 0.0299003 0.124339 0.0299465 0.590934 0.0104904 
0.0170782 0.00928544 0.413399 0.182506 0.0169257 0.00395968 0.0679654 0.111337 0.175068 0.00247603 
0.0243492 0.00298362 0.0491105 0.0742644 0.00349016 0.218846 0.0171137 0.00145406 0.605741 0.00264678 
0.0454526 0.0124478 0.0905891 0.10353 0.0991413 0.0830259 0.0403764 0.0509163 0.37684 0.097681 
0.00652993 0.0126742 0.389943 0.256546 0.0321679 0.0181939 0.00382309 0.18699 0.0773211 0.01581 
0.0145262 0.000284847 0.174578 0.207019 0.00338082 0.00579516 0.00387796 0.00588913 0.530684 0.0539649 
0.067073 0.0368332 0.135682 0.0355427 0.157605 0.0697773 0.106111 0.111402 0.239769 0.0402044 
0.131857 0.0121099 0.0723363 0.044394 0.0276062 0.159241 0.158956 0.0298467 0.345177 0.0184757 
0.0126383 0.00129332 0.0955297 0.0898029 0.00083965 0.497579 0.00575066 0.206958 0.0622963 0.0273117 
0.0254857 0.0125829 0.24973 0.498047 0.0416663 0.0201698 0.0123688 0.0794169 0.0434828 0.0170501 
0.0671601 0.0139314 0.125142 0.14204 0.0594608 0.0927571 0.0759966 0.0319049 0.313668 0.0779393 
0.0937189 0.00921172 0.272678 0.189899 0.04658 0.105879 0.0279934 0.0461278 0.125151 0.0827604 
0.0408888 0.0339325 0.222085 0.0805091 0.149008 0.00480617 0.0133199 0.325633 0.122874 0.00694372 
0.0243023 0.056135 0.197394 0.137108 0.064759 0.131653 0.00849264 0.258293 0.0755055 0.0463568 
0.0557449 0.0298805 0.270604 0.0752216 0.271789 0.0597893 0.022318 0.0716802 0.119049 0.0239233 
0.108797 0.0397071 0.163272 0.229867 0.0445294 0.0415371 0.0482842 0.0113379 0.289352 0.023316 
0.101057 0.0611247 0.0757566 0.0939386 0.0849088 0.163509 0.0709482 0.0365973 0.27245 0.0397093 
0.0357975 0.0319408 0.05741 0.255904 0.0796317 0.0872557 0.142363 0.0432328 0.242924 0.0235408 
0.0294475 0.157449 0.0957669 0.101717 0.115428 0.187359 0.0101345 0.179749 0.104393 0.0185557 
0.0111184 0.0123676 0.00600636 0.0294063 0.0255019 0.769077 0.0429195 0.00984355 0.0846612 0.009098 
0.166751 0.0437638 0.140091 0.154521 0.0443066 0.0266568 0.109121 0.0563222 0.244655 0.0138122 
0.111202 0.0158296 0.151607 0.0420791 0.0735016 0.157439 0.0329108 0.072752 0.334394 0.00828501 
0.15467 0.0545918 0.233024 0.147002 0.0129812 0.0827719 0.0270132 0.099994 0.176037 0.0119147 
0.0933478 0.124325 0.0699118 0.0523557 0.268939 0.0762444 0.0293969 0.145142 0.126953 0.0133853 
0.00747176 0.00542744 0.603542 0.24433 0.0342065 0.00754368 0.00921259 0.0180477 0.0475292 0.0226885 
0.0125034 0.0312588 0.0405785 0.312615 0.0975763 0.0874866 0.0101615 0.17029 0.159767 0.0777627 
0.0745904 0.103781 0.0440564 0.103538 0.330762 0.0782611 0.0368604 0.0758717 0.12589 0.0263882 
0.0991418 0.0300453 0.3649 0.0492696 0.0940522 0.043605 0.107715 0.0220858 0.15523 0.0339551 
0.0340265 0.00752248 0.350442 0.282961 0.0422702 0.0566707 0.0358376 0.0374362 0.136228 0.0166059 
0.0393443 0.111132 0.185901 0.0305687 0.235333 0.0566238 0.0388253 0.0652069 0.220438 0.0166269 
0.0258455 0.023041 0.1424 0.0913636 0.0651715 0.11233 0.046505 0.0216131 0.45346 0.0182706 
0.028159 0.0154813 0.400908 0.090605 0.057598 0.0201056 0.023437 0.105015 0.222136 0.0365551 
0.067829 0.0165637 0.0527624 0.0184245 0.0467522 0.308003 0.171963 0.0494557 0.223113 0.0451337 
0.0315056 0.0551293 0.523329 0.0527797 0.157963 0.0140662 0.0352241 0.0500205 0.076352 0.00363033 
0.0489546 0.0370667 0.0655089 0.140001 0.0952188 0.188387 0.149673 0.0540914 0.188796 0.0323023 
0.122297 0.0124319 0.137269 0.236452 0.0276595 0.105764 0.0728624 0.0296965 0.190129 0.0654378 
0.053661 0.0522203 0.262425 0.29658 0.0255545 0.0369992 0.0356226 0.0498229 0.132917 0.0541976 
0.119121 0.00537524 0.0410756 0.0402206 0.0173363 0.0750008 0.0528435 0.00315193 0.613642 0.0322334 
0.104306 0.0755434 0.0710516 0.195813 0.0662048 0.152555 0.0717056 0.0739487 0.114214 0.0746588 
0.0523789 0.0166794 0.069588 0.26616 0.105471 0.110066 0.0199943 0.0590959 0.129753 0.170814 
0.0350599 0.0598319 0.432042 0.174407 0.0352349 0.0370926 0.034493 0.138678 0.0376709 0.0154896 
0.0528692 0.00471133 0.044557 0.0990518 0.00790252 0.030727 0.0234894 0.0424807 0.666269 0.0279419 
0.0255851 0.0068112 0.0919656 0.182199 0.00461228 0.389589 0.0398575 0.0370493 0.155303 0.0670272 
0.0391072 0.11846 0.340091 0.0952011 0.0863859 0.0585445 0.0246527 0.0170717 0.178405 0.0420812 
0.0181766 0.0225634 0.182072 0.071321 0.301053 0.0705034 0.00512154 0.134238 0.168497 0.0264539 
0.0792826 0.0700772 0.146234 0.0450167 0.113593 0.148169 0.0500167 0.110952 0.164647 0.0720113 
0.164584 0.0740754 0.146057 0.157764 0.0176089 0.147158 0.0951915 0.0464531 0.12816 0.0229485 
0.0298569 0.0246627 0.155372 0.135215 0.209028 0.0154788 0.183781 0.0171175 0.204722 0.0247662 
0.0647517 0.0219617 0.0562692 0.269996 0.0271899 0.146263 0.0339972 0.0533165 0.264318 0.0619367 
0.0821295 0.0613142 0.0739747 0.157624 0.0177752 0.0971512 0.0965569 0.0782091 0.289505 0.0457603 
0.0176714 0.0162187 0.194478 0.14913 0.00677727 0.0586325 0.00493224 0.248636 0.249543 0.0539809 
0.0158327 0.000821466 0.00610332 0.0422321 0.034522 0.623699 0.0370155 0.00465024 0.221506 0.0136169 
0.0722922 0.014239 0.090878 0.0850722 0.133009 0.191226 0.0384355 0.074508 0.190558 0.109782 
0.0275658 0.0113108 0.228432 0.425636 0.0356497 0.00276869 0.0494845 0.0548652 0.161877 0.00241014 
0.0491445 0.0562658 0.1939 0.0901364 0.140197 0.103735 0.0370658 0.0278409 0.247709 0.0540064 
0.0566875 0.0399682 0.278857 0.0735601 0.122219 0.127304 0.0267161 0.0930141 0.144224 0.037449 
0.0416025 0.0383386 0.128793 0.192488 0.0116348 0.0784236 0.0119046 0.216705 0.130184 0.149926 
0.0992041 0.0172896 0.0806513 0.0740826 0.0314796 0.186195 0.098764 0.0110885 0.386012 0.0152328 
0.00215775 0.000113086 0.013405 0.354533 0.0123694 0.292596 0.00852964 0.0239272 0.0943821 0.197986 
0.11064 0.0348128 0.385089 0.125776 0.02115 0.0067588 0.14058 0.0351705 0.131786 0.00823711 
0.0973794 0.0289848 0.176827 0.179297 0.0496968 0.109091 0.0523186 0.0682242 0.185736 0.0524446 
0.00711992 0.0243013 0.445906 0.125006 0.151398 0.0171963 0.0125396 0.0873756 0.118496 0.0106614 
0.0150661 0.0175306 0.312743 0.360064 0.00489468 0.0903715 0.0330005 0.107775 0.0461176 0.0124365 
0.0487031 0.0692581 0.245351 0.0550045 0.0817327 0.021751 0.0536333 0.130454 0.275023 0.0190889 
0.00734202 0.0174707 0.465516 0.0378028 0.0800884 0.0416709 0.00200709 0.31275 0.0277376 0.00761426 
0.0216346 0.0225199 0.192135 0.141104 0.0673491 0.0933645 0.0372997 0.0982865 0.287713 0.0385933 
0.0920848 0.0794212 0.0789047 0.120596 0.0921635 0.0997764 0.0269587 0.257122 0.112505 0.0404682 
0.0769069 0.0695756 0.0974496 0.182471 0.0404955 0.160821 0.0470867 0.0292609 0.19574 0.100192 
0.0293243 0.00968022 0.255072 0.164462 0.00979662 0.0437269 0.00644938 0.225571 0.199454 0.0564632 
0.117897 0.0400095 0.368676 0.111998 0.058615 0.0530034 0.039065 0.0419162 0.14518 0.0236403 
0.0813906 0.0584509 0.583291 0.0425767 0.0828478 0.0161754 0.042736 0.0438187 0.0372855 0.0114269 
0.0246427 0.0185785 0.0882556 0.22319 0.0372069 0.117697 0.00690951 0.282852 0.0837076 0.11696 
0.0254151 0.0130812 0.189827 0.452191 0.0405133 0.0640667 0.0113594 0.0322109 0.076922 0.0944136 
0.0290566 0.0343151 0.179208 0.127733 0.245271 0.147044 0.0835032 0.0126084 0.103847 0.0374127 
0.028694 0.011713 0.262699 0.222033 0.0134941 0.0819602 0.0270692 0.0463267 0.141294 0.164717 
0.0459491 0.0415297 0.230203 0.0737241 0.0748695 0.0653168 0.0226703 0.124301 0.306544 0.0148928 
0.0555248 0.00231748 0.0669311 0.434162 0.0273453 0.0404342 0.0198735 0.0159989 0.211208 0.126204 
0.0265292 0.00784019 0.0578151 0.149673 0.0400518 0.33786 0.0469202 0.0395425 0.274849 0.0189189 
0.0526764 0.0171594 0.111808 0.0476236 0.051205 0.362642 0.0833575 0.0150477 0.23116 0.0273211 
0.0216783 0.0835298 0.0760514 0.270004 0.0760644 0.113976 0.0140163 0.231574 0.0944523 0.018654 
0.0328712 0.00464626 0.127512 0.393564 0.0456046 0.101342 0.0232485 0.0479758 0.167676 0.055559 
0.058077 0.0331098 0.0745586 0.293024 0.0278046 0.191363 0.0435524 0.0168181 0.186593 0.0750993 
0.0590605 0.00220614 0.272282 0.101259 0.0025002 0.0604977 0.0497454 0.00163073 0.42968 0.0211383 
0.0182714 0.00597968 0.155026 0.0447797 0.0403423 0.551871 0.0163699 0.036511 0.1023 0.0285494 
0.0756406 0.0363297 0.228373 0.161023 0.0306801 0.0214154 0.112759 0.0459126 0.213351 0.0745164 
0.0111466 0.00203594 0.0469465 0.0403594 0.0146488 0.107569 0.0558591 0.00461676 0.715106 0.00171152 
0.0336912 0.0201592 0.328436 0.162754 0.02187 0.1672 0.0281465 0.0368982 0.162688 0.0381569 
0.0319204 0.0195646 0.0857236 0.118446 0.0766934 0.182461 0.0302299 0.160769 0.221201 0.0729909 
0.0785854 0.0589258 0.101435 0.222967 0.0778187 0.0635528 0.0669852 0.0536261 0.0749476 0.201156 
0.0654458 0.0110682 0.0482909 0.0290153 0.0479084 0.384181 0.191852 0.0128797 0.181139 0.0282203 
0.0771489 0.0398507 0.18754 0.0776144 0.0895156 0.0776607 0.0579308 0.0707714 0.311544 0.0104231 
0.062115 0.0270543 0.214034 0.125492 0.052757 0.0283971 0.0337883 0.11219 0.32936 0.0148121 
0.0672028 0.0300964 0.199862 0.101816 0.0337139 0.0550617 0.0134629 0.0165489 0.436292 0.0459434 
0.0758064 0.0172562 0.141502 0.123565 0.145752 0.1689 0.0119735 0.105428 0.0796195 0.130198 
0.0903524 0.0131647 0.139719 0.0687125 0.0856533 0.105639 0.0771411 0.0162542 0.393227 0.0101361 
0.00427209 0.0018031 0.410693 0.20713 0.00817174 0.1597 0.000900942 0.0456557 0.13741 0.0242636 
0.0541894 0.0265527 0.223528 0.162968 0.00233912 0.050915 0.00249809 0.180741 0.290669 0.00559939 
0.0592106 0.021658 0.438892 0.058967 0.0551214 0.0655455 0.0413256 0.0571061 0.184463 0.0177111 
0.0161007 0.0127286 0.754502 0.0214549 0.040653 0.0161678 0.00378971 0.0772122 0.0542595 0.00313194 
0.0358954 0.0081756 0.142436 0.42514 0.0296424 0.184591 0.0190344 0.00192918 0.114074 0.0390821 
0.0732315 0.028594 0.332138 0.117593 0.0841813 0.016522 0.0341437 0.0880307 0.208542 0.0170233 
0.0372711 0.00688182 0.109513 0.216437 0.0034622 0.0129672 0.0243926 0.120885 0.427429 0.0407614 
0.0714196 0.0080871 0.190033 0.213751 0.132302 0.0846946 0.0679118 0.0250731 0.0819331 0.124794 
0.0227613 0.0185557 0.279369 0.128677 0.153512 0.131608 0.0124613 0.0896057 0.106708 0.0567411 
0.106258 0.00443412 0.0814869 0.243866 0.112966 0.0512101 0.0110248 0.0148173 0.302411 0.0715249 
0.0456591 0.021627 0.17891 0.164643 0.0622083 0.195268 0.0233067 0.0320618 0.0811945 0.195121 
0.0431895 0.0053556 0.278941 0.234682 0.0125924 0.0389258 0.0127788 0.0384052 0.249449 0.0856812 
0.0527293 0.0165706 0.107104 0.221443 0.00917961 0.146708 0.0365915 0.0086459 0.344482 0.0565473 
0.0152434 0.00712135 0.306485 0.0509466 0.0832465 0.0303604 0.0188374 0.0461629 0.427401 0.0141951 
0.0568878 0.0519949 0.25107 0.151936 0.034742 0.105854 0.0386422 0.154546 0.118011 0.0363175 
0.105539 0.0937364 0.238363 0.078822 0.114155 0.0404429 0.0750232 0.165553 0.0707459 0.0176196 
0.114554 0.0371702 0.268566 0.0554871 0.070007 0.0812116 0.180715 0.0284103 0.131462 0.032416 
0.102989 0.0397877 0.171392 0.138802 0.0592374 0.105108 0.0517608 0.108207 0.166145 0.0565709 
0.0598984 0.0508029 0.145854 0.0682537 0.0750651 0.144597 0.0880457 0.0994937 0.261788 0.00620227 
0.0565456 0.0366794 0.261509 0.140194 0.0919095 0.0451276 0.0455404 0.192895 0.107654 0.0219449 
0.0571887 0.0355406 0.570453 0.062061 0.0606689 0.0177395 0.041185 0.0339703 0.0956787 0.0255141 
0.140228 0.0179314 0.128539 0.0544016 0.0191054 0.214037 0.0485071 0.00358423 0.341237 0.0324298 
0.139875 0.0298683 0.100005 0.0341314 0.0453348 0.179299 0.0831808 0.0661695 0.301904 0.0202326 
0.00607712 0.000279088 0.00677925 0.00510277 0.00984592 0.724113 0.00138481 0.00931812 0.223188 0.0139118 
0.0525258 0.0084475 0.103018 0.160601 0.0500688 0.356869 0.0183444 0.0165773 0.139868 0.0936799 
0.0450921 0.0460228 0.396074 0.0864282 0.00683808 0.133766 0.0111955 0.205945 0.0512725 0.0173649 
0.0302198 0.00450753 0.138632 0.119739 0.052095 0.0336733 0.0258954 0.0139237 0.577993 0.00332141 
0.189559 0.0230487 0.0999673 0.0981848 0.0224112 0.145409 0.040261 0.0218325 0.317335 0.0419909 
0.0179091 0.0130295 0.0852851 0.393589 0.0446856 0.145553 0.0237309 0.015115 0.0625462 0.198557 
0.0453995 0.00402364 0.0204703 0.0163085 0.017628 0.382845 0.0953883 0.000567618 0.394883 0.022486 
0.020633 0.0147755 0.0755913 0.170249 0.038 0.198025 0.0097223 0.0144121 0.100493 0.358099 
0.0291142 0.00184199 0.325845 0.284079 0.0983772 0.107577 0.0145137 0.0446543 0.074172 0.0198266 
0.0109822 0.00836482 0.199026 0.122565 0.0675607 0.0928502 0.0372762 0.15176 0.302115 0.00749994 
0.0241616 0.0121211 0.357316 0.0355672 0.0292944 0.0335318 0.00966535 0.110419 0.371063 0.0168615 
0.0216304 0.00196634 0.0282333 0.0966264 0.20107 0.239033 0.112686 0.0092204 0.249564 0.0399694 
0.0594539 0.0354474 0.274398 0.0689283 0.141645 0.0290594 0.0571229 0.119753 0.207762 0.00643036 
0.0338246 0.0137311 0.219265 0.186805 0.0628073 0.0310967 0.060241 0.0634474 0.32408 0.00470229 
0.0364627 0.0210673 0.118799 0.0849653 0.215363 0.0519143 0.0497484 0.0634178 0.323534 0.0347284 
0.0137575 0.00381977 0.119524 0.141107 0.0418678 0.349955 0.0117338 0.0389029 0.250837 0.0284957 
0.0108577 0.0835944 0.117353 0.227787 0.13703 0.196468 0.033314 0.0629356 0.110777 0.0198837 
0.0783867 0.0403939 0.116914 0.058503 0.0294908 0.302626 0.056507 0.00876245 0.244417 0.0639987 
0.0904997 0.0647482 0.202867 0.0877494 0.101375 0.111381 0.124595 0.0535501 0.09664 0.0665951 
0.0128466 0.0340169 0.142892 0.19715 0.0635562 0.0143433 0.00358301 0.482608 0.0327665 0.016238 
0.0176842 0.0199645 0.503687 0.145627 0.0620354 0.0301289 0.0108474 0.0965973 0.0929209 0.0205081 
6.96209e-05 0.000749121 0.680634 0.236216 0.00430428 0.00110267 3.47009e-05 0.0637263 0.00497062 0.00819218 
0.0534338 0.00125418 0.0471711 0.152791 0.00788713 0.200376 0.0618576 0.000879017 0.454126 0.0202243 
0.0228289 0.00820001 0.095712 0.0729437 0.131526 0.359961 0.0296242 0.032101 0.236397 0.0107055 
0.020845 0.0180871 0.223987 0.341141 0.00771557 0.112041 0.00759831 0.0694584 0.154822 0.0443058 
0.0135763 0.015888 0.21411 0.220289 0.0268312 0.0526686 0.0551863 0.00646588 0.265146 0.129839 
0.137239 0.0147598 0.17044 0.0834493 0.108855 0.130855 0.0861994 0.0599471 0.189696 0.0185589 
0.0878333 0.0345189 0.162083 0.215496 0.00105796 0.237531 0.0120629 0.0302096 0.185962 0.0332455 
0.0551876 0.0105082 0.145171 0.232639 0.0161387 0.317389 0.0339795 0.011248 0.14668 0.031059 
0.077104 0.175917 0.13955 0.0484027 0.199144 0.00637398 0.0238886 0.232632 0.0962944 0.000692076 
0.0510652 0.0177912 0.144635 0.211062 0.0669354 0.173647 0.0573489 0.0622086 0.177461 0.0378457 
0.0376029 0.0770034 0.176591 0.108385 0.102495 0.0271467 0.0740848 0.221211 0.150033 0.0254469 
0.0134885 0.003598 0.0337986 0.17527 0.131441 0.424331 0.00637848 0.0339237 0.031889 0.145882 
0.0189934 0.0406679 0.0808003 0.195837 0.0985942 0.0840206 0.162743 0.072476 0.237372 0.00849545 
0.0460143 0.053203 0.0804179 0.21011 0.0670572 0.0713834 0.150468 0.0464513 0.235021 0.0398744 
0.0415649 0.0567726 0.143879 0.142248 0.0215972 0.132185 0.0343521 0.110054 0.289796 0.0275512 
0.0615419 0.019528 0.120943 0.249503 0.018404 0.163296 0.0605072 0.0817216 0.202829 0.0217272 
0.0137516 0.0307576 0.174816 0.0917332 0.0291782 0.145282 0.148184 0.0196788 0.313146 0.0334739 
0.0588887 0.0233829 0.203337 0.0791763 0.0244399 0.0876038 0.0386843 0.0175453 0.391675 0.0752671 
0.0159328 0.0142625 0.0239829 0.0493055 0.00426779 0.753514 0.0200904 0.0232413 0.0597517 0.0356512 
0.0697015 0.0526251 0.116992 0.169496 0.0630175 0.0991679 0.0927383 0.086231 0.19186 0.0581712 
0.037781 0.0125856 0.316981 0.178282 0.0375346 0.0918613 0.0764401 0.00271904 0.221306 0.0245092 
0.0408553 0.00604096 0.0811599 0.191834 0.187677 0.0376217 0.104163 0.0483266 0.275499 0.0268229 
0.019603 0.0121385 0.414741 0.138888 0.139265 0.0519506 0.01582 0.0271824 0.164944 0.0154681 
0.0254508 0.0720707 0.295812 0.042336 0.112514 0.0254319 0.0249157 0.216439 0.169243 0.0157868 
0.141912 0.113061 0.0863907 0.0318956 0.181834 0.127608 0.0979555 0.0463466 0.168481 0.00451556 
0.0425203 0.0067752 0.0556744 0.179671 0.0636173 0.114448 0.0384785 0.0179972 0.435622 0.0451956 
0.0388659 0.0238282 0.0955595 0.134557 0.0177547 0.127976 0.0861818 0.035635 0.404117 0.0355245 
0.0387141 0.0113092 0.255359 0.280002 0.0792559 0.0978 0.0727021 0.00322175 0.156303 0.00533327 
0.01701 0.0175248 0.117039 0.024625 0.141644 0.167674 0.00687775 0.073594 0.212341 0.221671 
0.0956879 0.0224906 0.0762505 0.184165 0.0832447 0.11937 0.0900445 0.0235329 0.252641 0.0525718 
0.00760927 0.00692964 0.415458 0.274335 0.0272627 0.0170893 0.000888027 0.1334 0.0850565 0.0319711 
0.0757777 0.0404047 0.197866 0.049641 0.2376 0.065226 0.048617 0.145833 0.118542 0.0204928 
0.018463 0.0287846 0.437985 0.04187 0.0421351 0.0694563 0.0148511 0.116046 0.130517 0.0998911 
0.0361268 0.00583199 0.224532 0.388018 0.0474438 0.102221 0.036936 0.0048302 0.135023 0.0190375 
0.0249148 0.0288521 0.240965 0.0945991 0.0720289 0.180549 0.0670312 0.00712983 0.276421 0.00750937 
0.107256 0.0544593 0.332502 0.123588 0.046872 0.0495021 0.0829997 0.0373 0.132619 0.0329019 
0.00519491 0.00114238 0.144753 0.203781 0.0188435 0.035956 0.0191785 0.039724 0.495461 0.0359663 
0.0634457 0.0447004 0.265343 0.140124 0.0434741 0.125764 0.0121229 0.031857 0.133261 0.139909 
0.0827958 0.0443129 0.329903 0.0400976 0.111184 0.0658956 0.221438 0.036042 0.0519504 0.0163809 
0.0415898 0.0300201 0.0987621 0.291707 0.136612 0.0170713 0.0218285 0.157874 0.165248 0.039288 
0.0721899 0.0319682 0.118016 0.100716 0.19776 0.114165 0.0461482 0.144484 0.132545 0.0420068 
0.0547435 0.0803986 0.0762909 0.176916 0.0557056 0.145932 0.102238 0.040676 0.239822 0.0272784 
0.0312845 0.0222297 0.238514 0.111008 0.230587 0.072582 0.00364988 0.101324 0.132394 0.0564269 
0.0688101 0.00898097 0.621808 0.00984655 0.0981666 0.0104072 0.00919071 0.0667962 0.101361 0.00463205 
0.111615 0.165767 0.11661 0.0897654 0.14489 0.0441172 0.0401469 0.0957545 0.143101 0.0482333 
0.0440111 0.039595 0.0695442 0.0763808 0.113103 0.138991 0.0416773 0.0547682 0.371825 0.0501047 
0.0464436 0.0126236 0.219488 0.26052 0.00953793 0.14131 0.0158992 0.100221 0.144473 0.0494823 
0.0308305 0.0238316 0.15094 0.0630468 0.048318 0.190924 0.0636641 0.0842902 0.298655 0.0455002 
0.205446 0.00174417 0.0626854 0.114916 0.00931718 0.0901723 0.0473445 0.0107953 0.426092 0.0314872 
0.0103822 0.014544 0.0919301 0.236548 0.0386721 0.0991945 0.00857528 0.283652 0.131963 0.0845387 
0.0940738 0.0280284 0.243105 0.10365 0.121011 0.0919448 0.0273849 0.0756943 0.184453 0.0306547 
0.0424697 0.0138934 0.0906831 0.144058 0.0526743 0.144108 0.123953 0.0518354 0.275179 0.0611462 
0.0169142 0.0552912 0.105982 0.137039 0.129074 0.305379 0.0240093 0.0418844 0.142413 0.0420156 
0.0354252 0.0113193 0.196998 0.129061 0.0401569 0.0702722 0.0407113 0.0166952 0.439902 0.0194591 
0.0626868 0.0145204 0.115633 0.109151 0.0338334 0.314769 0.076706 0.0465778 0.177966 0.0481577 
0.0624699 0.0672828 0.353679 0.034735 0.0956686 0.0129364 0.0563301 0.241557 0.0724278 0.00291354 
0.0373865 0.00768348 0.160746 0.301214 0.0532634 0.0446626 0.0681536 0.0174793 0.264094 0.0453172 
0.00970596 0.00633038 0.615065 0.0602308 0.0285664 0.0418586 0.00536881 0.0125194 0.208233 0.012122 
0.0695726 0.0949873 0.0947418 0.0792979 0.152049 0.111126 0.020781 0.0643628 0.257516 0.0555656 
0.0798065 0.0218384 0.0543305 0.210515 0.235162 0.16565 0.0227934 0.0239324 0.0697135 0.116258 
0.0192766 0.0554843 0.44725 0.133197 0.0551653 0.0393306 0.0434939 0.0840968 0.0953436 0.0273614 
0.104492 0.0304918 0.121196 0.18814 0.0990684 0.17644 0.100634 0.0404136 0.0826235 0.0565012 
0.0212239 0.0241606 0.512973 0.124201 0.0206865 0.0121692 0.0320229 0.0767133 0.131081 0.0447687 
0.0164644 0.00277326 0.106396 0.303932 0.0209736 0.0479478 0.00190969 0.0567659 0.425829 0.0170081 
0.0562219 0.0353405 0.415737 0.0592271 0.0444547 0.0326656 0.00685241 0.038584 0.287927 0.0229898 
0.0187061 0.00231763 0.0150521 0.124941 0.00725331 0.480963 0.088948 0.00315262 0.238968 0.0196984 
0.00605969 0.0245321 0.0716457 0.0315337 0.025171 0.100356 0.00823388 0.00435885 0.687261 0.0408476 
0.0396258 0.0541562 0.076951 0.106309 0.215988 0.232594 0.0402943 0.061506 0.138514 0.0340609 
0.024277 0.0293835 0.0808032 0.129037 0.0568381 0.186082 0.0386618 0.0407695 0.378874 0.0352739 
0.0282469 0.0626967 0.153654 0.140749 0.137458 0.0268129 0.0718586 0.245913 0.102024 0.0305853 
0.0633313 0.0800441 0.222062 0.155343 0.0643261 0.125686 0.0240898 0.123889 0.0846055 0.0566231 
0.0378527 0.0185812 0.274896 0.163222 0.0125631 0.286842 0.00612707 0.0301045 0.0437822 0.126029 
0.0504496 0.0111491 0.309639 0.308186 0.0449611 0.0378541 0.0278623 0.0833254 0.0760323 0.0505416 
0.0385943 0.0400103 0.118049 0.101111 0.054763 0.10417 0.0291148 0.0826293 0.3522 0.0793589 
0.0899426 0.0119675 0.161424 0.146827 0.0333774 0.0489995 0.0613623 0.219884 0.216526 0.00968861 
0.0861806 0.0385082 0.23034 0.0713275 0.0274634 0.0512945 0.0440513 0.0402526 0.375692 0.0348895 
0.0500119 0.00256304 0.274546 0.273263 0.0188857 0.185088 0.0207177 0.0383555 0.105578 0.0309905 
0.0450971 0.016947 0.109837 0.242535 0.0234817 0.205775 0.018221 0.0783134 0.229166 0.0306266 
0.150893 0.0223917 0.139811 0.114419 0.03234 0.104094 0.0369971 0.133015 0.133924 0.132115 
0.0444032 0.0345731 0.0512453 0.113765 0.190666 0.14515 0.0562935 0.148784 0.176804 0.0383168 
0.0497437 0.0260996 0.118557 0.0316785 0.0584174 0.202383 0.0661744 0.0627266 0.367912 0.0163081 
0.0361685 0.0329742 0.22432 0.0904525 0.0207498 0.135145 0.0187737 0.0804095 0.326575 0.0344321 
0.0827189 0.0589329 0.133292 0.182739 0.0448142 0.14023 0.0745078 0.117081 0.0990615 0.066623 
0.139811 0.0199052 0.212594 0.0945135 0.0921266 0.119835 0.101742 0.0610239 0.126325 0.032124 
0.101252 0.0426059 0.0872913 0.0826779 0.0777552 0.124237 0.105711 0.0611391 0.308062 0.0092687 
0.0294089 0.00692609 0.0345202 0.0192875 0.130335 0.148636 0.0314512 0.00739837 0.554954 0.0370828 
0.0361072 0.0102481 0.0206915 0.015745 0.098814 0.100443 0.0403853 0.0994497 0.55839 0.0197266 
0.151816 0.0479354 0.118619 0.0996287 0.167859 0.0937384 0.0697678 0.0773451 0.144043 0.0292467 
0.0607105 0.0316314 0.174884 0.238855 0.0683347 0.0427526 0.0573567 0.0289163 0.137083 0.159477 
0.0263461 0.0354891 0.363317 0.300972 0.0154543 0.0740092 0.0531668 0.0232529 0.0999201 0.0080729 
0.138674 0.0344013 0.268086 0.160652 0.0211902 0.0140005 0.0239323 0.120517 0.19915 0.019396 
0.0704346 0.133022 0.168022 0.233714 0.0583347 0.0262787 0.0349667 0.117012 0.0781176 0.0800975 
0.11946 0.0580483 0.164116 0.143049 0.117939 0.072939 0.0695477 0.0689614 0.121326 0.0646138 
0.0229851 0.0202953 0.16743 0.136166 0.0572057 0.0702258 0.00438778 0.206352 0.298881 0.0160708 
0.0558817 0.0366447 0.220775 0.0428494 0.113831 0.0575336 0.0546661 0.0910248 0.297295 0.0294979 
0.0417568 0.0307237 0.154027 0.204072 0.0407651 0.117325 0.0303359 0.174754 0.171984 0.0342567 
0.0643702 0.0105446 0.338135 0.0556602 0.0741473 0.0585248 0.0377883 0.0593408 0.27399 0.027499 
0.0102964 0.0113172 0.0661471 0.619648 0.0476496 0.0250584 0.00896227 0.0658502 0.100089 0.0449828 
0.107833 0.0719887 0.16642 0.138194 0.0651039 0.0681035 0.0516558 0.059226 0.251742 0.0197325 
0.0668946 0.0216038 0.0723959 0.36576 0.0500938 0.0756641 0.0614111 0.0785716 0.195682 0.0119225 
0.0164881 0.0184345 0.205399 0.296418 0.013503 0.0663061 0.0528224 0.0821009 0.241413 0.00711521 
0.011382 0.0370773 0.246905 0.227322 0.0102152 0.15945 0.00620163 0.222483 0.0683502 0.0106134 
0.00634372 0.00348327 0.295905 0.0707423 0.0194164 0.127571 0.00458083 0.11832 0.0778806 0.275757 
0.0614028 0.0506866 0.122798 0.0727789 0.108196 0.153672 0.019455 0.171891 0.192593 0.046527 
0.0466191 0.0436336 0.170743 0.189691 0.114472 0.025352 0.0485575 0.0463765 0.261954 0.0526016 
0.0440413 0.00970612 0.102139 0.242839 0.0307046 0.144304 0.054447 0.0626857 0.202925 0.106208 
0.0480537 0.00843375 0.0150608 0.0266149 0.0760937 0.412048 0.0704156 0.0161213 0.315571 0.0115879 
0.0421684 0.0486995 0.338556 0.219853 0.0299777 0.0718711 0.0490838 0.0540811 0.12091 0.0247986 
0.00463724 0.00741289 0.135246 0.362794 0.0589772 0.0967566 0.00354964 0.0908494 0.208652 0.031125 
0.0450276 0.0177338 0.170181 0.111876 0.301077 0.109388 0.0788932 0.015823 0.0889276 0.0610723 
0.0127032 0.0129942 0.359373 0.173174 0.0550832 0.0389427 0.0187328 0.192013 0.097047 0.0399373 
0.00481837 0.000855006 0.00559407 0.0248457 0.00987059 0.822975 0.00540415 0.0143084 0.101514 0.0098154 
0.0396915 0.00967333 0.0628723 0.0759434 0.00859667 0.343509 0.0559002 0.00605024 0.357167 0.040597 
0.00577735 0.00966398 0.0728715 0.256285 0.127151 0.0460709 0.00893442 0.0219129 0.403815 0.0475179 
0.048065 0.0156597 0.0405643 0.0348739 0.040465 0.150535 0.105667 0.0490543 0.499156 0.0159597 
0.100263 0.0245106 0.0764335 0.0832462 0.194667 0.132311 0.0395821 0.0689724 0.244926 0.0350876 
0.0518573 0.00356517 0.447572 0.0730913 0.0321586 0.0253548 0.0848641 0.0286161 0.228752 0.0241682 
0.0264776 0.0154513 0.0792705 0.0483264 0.0129097 0.690467 0.0156067 0.0402669 0.0555524 0.0156715 
0.0289045 0.00172252 0.0676719 0.0268114 0.0452681 0.253516 0.0973251 0.00877091 0.439487 0.0305234 
0.0558009 0.000946256 0.1333 0.107012 0.0100353 0.326625 0.194227 0.027785 0.136451 0.00781669 
0.153251 0.0266096 0.211916 0.0965715 0.130649 0.0356656 0.0416156 0.11582 0.167922 0.0199803 
0.292477 0.129838 0.107629 0.0177959 0.10141 0.0642537 0.0428386 0.0194725 0.214398 0.00988654 
0.0396524 0.0253615 0.253473 0.151603 0.0484848 0.0652699 0.0307308 0.212562 0.0957961 0.0770665 
0.0196195 0.0567946 0.250331 0.0855499 0.227923 0.0615476 0.0211409 0.103109 0.137563 0.0364213 
0.0833108 0.0302177 0.247719 0.117875 0.0738757 0.0600719 0.0794051 0.155665 0.120084 0.0317754 
0.0934325 0.0223596 0.0899353 0.0426185 0.103547 0.078697 0.160577 0.069116 0.308814 0.0309035 
0.0596613 0.0171574 0.308232 0.139512 0.0188816 0.0728908 0.0101386 0.0577914 0.275634 0.0401011 
0.0138217 0.000615545 0.791532 0.0429381 0.00920476 0.0168539 0.00154475 0.0221756 0.0991175 0.00219581 
0.119676 0.0314698 0.122867 0.0796556 0.00531011 0.354879 0.0273719 0.133486 0.0710971 0.0541873 
0.0150572 0.00521387 0.16434 0.430476 0.0228221 0.211973 0.00880658 0.0242042 0.0882928 0.0288147 
0.0920503 0.02269 0.0646488 0.121238 0.0125044 0.456798 0.0726324 0.0448695 0.0989089 0.0136596 
0.0592878 0.0133729 0.462402 0.098786 0.0602504 0.0516609 0.0143871 0.106756 0.11824 0.0148563 
0.0932592 0.0225931 0.103126 0.134133 0.109014 0.0597606 0.119305 0.0719563 0.239972 0.0468806 
0.0920371 0.0319611 0.146079 0.0777483 0.0375584 0.175296 0.091232 0.0635983 0.183465 0.101025 
0.0470387 0.046148 0.206895 0.291909 0.0219605 0.10478 0.0193909 0.0248868 0.163338 0.0736539 
0.0647095 0.0100363 0.658756 0.0155649 0.0450612 0.0149927 0.0502262 0.0311593 0.105574 0.00391951 
0.0347284 0.0133357 0.292728 0.0998016 0.0620492 0.0392255 0.0755189 0.0631253 0.296812 0.0226752 
0.0714344 0.0180563 0.201272 0.21512 0.0321817 0.0683721 0.0513053 0.0286332 0.306207 0.0074189 
0.0315206 0.00435747 0.0821045 0.0827917 0.170678 0.165541 0.0317708 0.0249332 0.381805 0.0244982 
0.0147179 0.00231881 0.121561 0.26196 0.00563116 0.0937265 0.00758859 0.179236 0.274585 0.0386753 
0.0342796 0.0204482 0.226055 0.0831658 0.0646194 0.131669 0.014559 0.0757223 0.334791 0.0146897 
0.0873569 0.0446027 0.167601 0.197738 0.055896 0.0842863 0.0456275 0.0712682 0.139881 0.105743 
0.0204406 0.0181256 0.156238 0.250278 0.00916164 0.239862 0.0151877 0.139155 0.141541 0.0100111 
0.0773558 0.114669 0.19526 0.115707 0.0635268 0.0524176 0.0284161 0.162708 0.156316 0.0336237 
0.00256516 0.0418797 0.47881 0.202814 0.0124206 0.0774858 0.00833479 0.0384849 0.121727 0.015477 
0.0182402 0.0395026 0.205179 0.0502219 0.131652 0.134021 0.00299248 0.180096 0.214062 0.024033 
0.0561918 0.0181207 0.313478 0.118068 0.00609199 0.10158 0.00769167 0.240807 0.103077 0.0348948 
0.0903976 0.0460319 0.3198 0.0697315 0.0393435 0.118081 0.0821915 0.0236284 0.164284 0.0465098 
0.0283386 0.0792202 0.170658 0.183066 0.0853606 0.119193 0.0303208 0.0929397 0.164939 0.0459639 
0.0559613 0.0471091 0.159002 0.254236 0.0409383 0.0421942 0.0593564 0.108662 0.212282 0.0202577 
0.0590332 0.0530361 0.211793 0.128264 0.0644532 0.0541061 0.0503617 0.146718 0.204612 0.0276232 
0.0441644 0.105397 0.0591211 0.0750693 0.198455 0.102384 0.028713 0.133952 0.222728 0.0300163 
0.0367193 0.0210581 0.245226 0.252638 0.036936 0.0281593 0.0350509 0.149955 0.127886 0.0663713 
0.0675091 0.0829742 0.131847 0.127979 0.0929283 0.120954 0.0599822 0.118915 0.142179 0.0547318 
0.114628 0.0237107 0.152476 0.0168633 0.0912464 0.0486899 0.0878984 0.0109655 0.377078 0.0764441 
0.0482609 0.0517561 0.13995 0.114415 0.0993584 0.0442393 0.0985232 0.0308068 0.341264 0.0314265 
0.0240742 0.0311403 0.147677 0.0732852 0.230948 0.114245 0.0119171 0.212996 0.128587 0.0251301 
0.00210824 0.0021956 0.220687 0.564397 0.00673367 0.00650658 0.00182247 0.0452524 0.133345 0.0169513 
0.0271128 0.0457501 0.256676 0.241894 0.0550282 0.0528183 0.00786775 0.10559 0.0930587 0.114204 
0.037688 0.00394997 0.539882 0.00860907 0.258781 0.0153142 0.020299 0.0253814 0.082117 0.00797737 
0.0749953 0.0244783 0.0943959 0.0858576 0.0753054 0.19943 0.0670218 0.121406 0.152248 0.104862 
0.0660055 0.0309888 0.0594187 0.0901498 0.0271988 0.443486 0.0902507 0.0160419 0.137416 0.0390437 
0.0444668 0.004927 0.0976905 0.0367579 0.0313689 0.216719 0.0562313 0.0261707 0.434789 0.0508785 
0.0052153 0.0155844 0.60404 0.0543211 0.0654826 0.029002 0.00103191 0.133322 0.0741243 0.0178765 
0.0606463 0.0229529 0.166667 0.319348 0.00986797 0.124254 0.00259112 0.0105029 0.106012 0.177158 
0.0268005 0.0151353 0.114745 0.430854 0.0635882 0.0522499 0.0244503 0.060662 0.132219 0.0792959 
0.039985 0.0116608 0.0700932 0.0321853 0.136091 0.383772 0.0525618 0.0219504 0.203965 0.0477351 
0.060599 0.0620667 0.0510029 0.0435972 0.135674 0.109051 0.0881371 0.0693413 0.36531 0.0152212 
0.0247114 0.0252375 0.130411 0.0940312 0.111317 0.10851 0.00342666 0.171586 0.165671 0.165097 
0.0458566 0.025695 0.234854 0.110294 0.030607 0.157343 0.0382314 0.0672404 0.276285 0.0135941 
0.0831614 0.0405605 0.164374 0.10298 0.1143 0.044232 0.0846927 0.0475265 0.228585 0.0895886 
0.0213678 0.0194975 0.39257 0.222545 0.00282928 0.0588596 0.023477 0.0785807 0.162742 0.0175305 
0.100087 0.0242378 0.235235 0.106135 0.0717425 0.0377209 0.0789519 0.0170468 0.320592 0.00825173 
0.286065 0.0629357 0.0708111 0.0664162 0.0733626 0.139311 0.0440306 0.0749129 0.138962 0.0431932 
0.0143841 0.00494634 0.186893 0.476196 0.0249353 0.0760572 0.029479 0.0251257 0.142669 0.0193147 
0.0462089 0.00925081 0.247386 0.0896752 0.09888 0.0246302 0.00495873 0.375213 0.0797606 0.0240361 
0.0785265 0.0200813 0.142671 0.0551948 0.256368 0.082126 0.0944251 0.0553662 0.189852 0.0253899 
0.00885413 0.00465475 0.398526 0.250941 0.0414718 0.0144971 0.00290823 0.126386 0.136932 0.0148287 
0.0261245 0.0116619 0.0748137 0.136874 0.156268 0.0514181 0.0277426 0.0306075 0.325926 0.158565 
0.0599431 0.0147394 0.0788618 0.044728 0.0181765 0.0647603 0.0209543 0.32106 0.353903 0.0228729 
0.0634385 0.0870263 0.207813 0.100372 0.0732605 0.0726552 0.0210716 0.217741 0.129538 0.0270844 
0.0166566 0.0619512 0.130855 0.122346 0.00865823 0.279483 0.00700582 0.241862 0.0783124 0.0528691 
0.00274018 0.0109969 0.532248 0.0937178 0.00215149 0.0496712 0.00047095 0.0394833 0.259692 0.00882885 
0.0134564 0.00758298 0.119809 0.227753 0.114213 0.1627 0.000954375 0.132937 0.18287 0.037725 
0.0987344 0.0266263 0.0588793 0.0632846 0.0486117 0.149435 0.0203644 0.0243809 0.490049 0.0196339 
0.0576975 0.0830816 0.137924 0.145717 0.126684 0.0908869 0.065447 0.153587 0.0956153 0.0433597 
0.0321138 0.00800545 0.143435 0.148416 0.00665538 0.171456 0.131822 0.0717868 0.205962 0.0803466 
0.0490949 0.00386372 0.269176 0.363571 0.043471 0.00200563 0.00930159 0.072456 0.129637 0.0574229 
0.00649551 0.00469474 0.0891942 0.466693 0.0183168 0.236845 0.021815 0.0269915 0.1241 0.00485463 
0.0241339 0.0371663 0.208957 0.106947 0.0973824 0.0267206 0.0258599 0.176807 0.288448 0.00757721 
0.0562328 0.0247558 0.200527 0.202883 0.164312 0.0653003 0.0638452 0.0234709 0.167005 0.0316672 
0.0298759 0.0206565 0.115086 0.107728 0.098999 0.264994 0.0328558 0.063402 0.242654 0.0237486 
0.186052 0.0478406 0.131546 0.0871696 0.164595 0.121868 0.0665035 0.0527334 0.0752221 0.0664696 
0.0856228 0.0130475 0.142981 0.442357 0.0119944 0.00852052 0.0234075 0.196444 0.064779 0.0108467 
0.0164346 0.0593583 0.639286 0.0157401 0.0663613 0.00405751 0.0222213 0.0173409 0.158088 0.00111165 
0.0382514 0.015331 0.0849176 0.0683005 0.0802591 0.0898783 0.0736427 0.174449 0.31451 0.0604605 
0.0640842 0.0239628 0.400316 0.0928321 0.0612811 0.0483425 0.00718901 0.189369 0.105191 0.00743187 
0.0325971 0.00805376 0.380356 0.11066 0.0907258 0.186463 0.0130805 0.0398809 0.125025 0.0131587 
0.0130815 0.0362489 0.237069 0.132366 0.103272 0.0654078 0.00448816 0.231244 0.170225 0.00659774 
0.0477281 0.0162184 0.225015 0.368618 0.034687 0.0453011 0.0362998 0.043286 0.143149 0.039698 
0.0334626 0.0047317 0.135565 0.142318 0.0630177 0.0787612 0.272583 0.0708941 0.193786 0.00488024 
0.0893252 0.0266937 0.196276 0.107323 0.0492303 0.0937263 0.113898 0.0923551 0.120667 0.110506 
0.0713484 0.0996129 0.135239 0.0125295 0.319909 0.0371446 0.0143811 0.211901 0.0830943 0.0148395 
0.119233 0.0436006 0.102085 0.209894 0.0446247 0.0868219 0.0254798 0.10393 0.212401 0.0519296 
0.0867781 0.0776456 0.309296 0.0779864 0.0153046 0.0421275 0.0807641 0.0290916 0.263856 0.0171508 
0.148745 0.0157676 0.069444 0.0388953 0.00923037 0.147933 0.476165 0.00391611 0.080488 0.00941542 
0.0230249 0.0136958 0.194029 0.170793 0.0389641 0.255766 0.0211386 0.0258572 0.221275 0.0354565 
0.0837409 0.0603082 0.135888 0.085528 0.105512 0.0383334 0.0242895 0.116963 0.290732 0.0587059 
0.01264 0.010215 0.0752886 0.216061 0.106472 0.310646 0.00121886 0.0357657 0.222826 0.00886607 
0.0764022 0.000312299 0.0272453 0.264939 0.0361341 0.0753326 0.0118946 0.0823193 0.393574 0.0318467 
0.00941812 0.000480883 0.00482007 0.0147358 0.00862588 0.66164 0.120951 0.00369589 0.164059 0.0115739 
0.00632539 0.0068164 0.0600036 0.274154 0.012895 0.294982 0.0667314 0.0170049 0.249985 0.0111026 
0.021901 0.00580998 0.0824989 0.31367 0.0137624 0.112137 0.0531501 0.00733992 0.380845 0.00888542 
0.0332351 0.0276422 0.0664776 0.227501 0.0256421 0.0740032 0.0270216 0.0457862 0.423602 0.0490884 
0.0517205 0.0487887 0.153607 0.123254 0.0868491 0.132726 0.0545263 0.0341243 0.251267 0.0631374 
0.0265681 0.0098318 0.151791 0.114097 0.230357 0.146301 0.0231963 0.0375709 0.134426 0.125861 
0.125045 0.0270151 0.263755 0.0498238 0.103149 0.0650858 0.0235305 0.0894244 0.236356 0.0168151 
0.0288665 0.0294508 0.285532 0.341037 0.0432875 0.0156634 0.0260731 0.109836 0.103626 0.0166284 
0.00766453 0.005346 0.342268 0.136904 0.0630986 0.00284263 0.0199832 0.238591 0.106777 0.0765259 
0.0531905 0.0403656 0.208886 0.148319 0.0600416 0.0504323 0.0585516 0.0462915 0.315041 0.0188802 
0.0221206 0.196062 0.0654 0.137289 0.0928891 0.0485463 0.0307877 0.286543 0.116281 0.00408103 
0.0517729 0.0149876 0.1302 0.114908 0.0100238 0.05733 0.039275 0.013874 0.536452 0.0311758 
0.0457991 0.020955 0.128425 0.0526991 0.152596 0.0621072 0.0179409 0.109199 0.375115 0.0351647 
0.0337954 0.0642183 0.339156 0.118355 0.042229 0.0912452 0.0122208 0.134525 0.144518 0.019737 
0.0211222 0.00709759 0.103526 0.0770983 0.0587294 0.235352 0.0330714 0.109326 0.329597 0.0250804 
0.000639583 0.0157043 0.385791 0.162333 0.0639902 0.0661164 0.000183455 0.162142 0.125673 0.0174271 
0.0490174 0.0421372 0.286949 0.0547101 0.0756289 0.102042 0.0709686 0.0560851 0.211568 0.0508943 
0.0351096 0.0112566 0.0115701 0.0312084 0.0447932 0.340093 0.051566 0.0177004 0.409827 0.046876 
0.0426026 0.0361623 0.109558 0.0907427 0.0516504 0.196026 0.0546386 0.0624048 0.269327 0.0868881 
0.00530118 0.00148574 0.026702 0.469586 0.00441142 0.0441747 0.00214187 0.166832 0.19997 0.0793956 
0.0508445 0.00453597 0.33904 0.164085 0.00941978 0.0442677 0.0663801 0.0385917 0.268273 0.0145626 
0.133701 0.00511658 0.268454 0.115403 0.142926 0.111518 0.0439058 0.018231 0.0957963 0.0649489 
0.0595787 0.0537621 0.358205 0.056809 0.0424019 0.11853 0.0249417 0.069857 0.155304 0.0606104 
0.0587959 0.0273553 0.302346 0.142186 0.0795244 0.04629 0.0450173 0.082585 0.154669 0.0612307 
0.0919247 0.0270219 0.0762186 0.108711 0.0768515 0.115423 0.0820027 0.0140889 0.358056 0.0497024 
0.0340835 0.0208198 0.177357 0.116001 0.0353797 0.0215561 0.0349681 0.317664 0.204388 0.0377841 
0.0124251 0.00638786 0.197262 0.425882 0.0239767 0.0204566 0.0320438 0.0389496 0.195611 0.0470052 
0.0394736 0.00305021 0.0514915 0.0656375 0.0192644 0.0244765 0.21784 0.0259986 0.523186 0.0295818 
0.0607101 0.0145685 0.199201 0.0280387 0.103781 0.20786 0.0347516 0.0152452 0.320145 0.015699 
0.0119506 0.00992641 0.359909 0.0879637 0.0474578 0.0665114 0.0334373 0.176263 0.172342 0.0342389 
0.0383882 0.0463018 0.190187 0.122059 0.152732 0.101888 0.0192557 0.204374 0.084887 0.0399273 
