0.015625 0 0.113281 0.00390625 0.0742188 0.00390625 0.0625 0 0.71875 0.0078125 
0.0117188 0 0.0625 0.0273438 0.0625 0.015625 0.078125 0 0.734375 0.0078125 
0.0078125 0 0.0273438 0.0195312 0.00390625 0 0.0507812 0 0.886719 0.0078125 
0.00390625 0 0.0507812 0.0117188 0.0234375 0.0078125 0.0195312 0 0.882812 0.0078125 
0.00390625 0 0.0234375 0.0351562 0.0078125 0.00390625 0.0234375 0 0.898438 0.0078125 
0.00390625 0 0.015625 0.00390625 0.015625 0 0.0117188 0 0.945312 0.00390625 
0.00390625 0 0.0507812 0.00390625 0.0078125 0 0.0234375 0 0.902344 0.0117188 
0.0117188 0 0.167969 0.0273438 0.0078125 0.0117188 0.0390625 0 0.71875 0.015625 
0.0664062 0 0.0664062 0.00390625 0.0195312 0.0117188 0.0234375 0 0.792969 0.015625 
0.0117188 0 0.0195312 0.00390625 0.00390625 0.00390625 0.0273438 0 0.917969 0.0117188 
0.00390625 0 0.0429688 0 0.0117188 0.00390625 0.015625 0 0.921875 0 
0.0078125 0 0.0195312 0 0.0351562 0.0078125 0.0117188 0 0.917969 0 
0.00390625 0 0.0898438 0.0117188 0.00390625 0 0.0078125 0 0.875 0.00390625 
0.0078125 0 0.109375 0.00390625 0 0 0.015625 0 0.859375 0 
0 0 0.0351562 0.0078125 0 0.0078125 0.015625 0 0.929688 0.00390625 
0.00390625 0 0.0234375 0.00390625 0.00390625 0 0.00390625 0 0.945312 0.0117188 
0.0273438 0 0.0273438 0.015625 0.00390625 0.00390625 0.0117188 0 0.871094 0.0390625 
0.00390625 0 0.0234375 0 0.015625 0.0078125 0.0078125 0 0.929688 0.0117188 
0 0 0.0429688 0.0117188 0.00390625 0.00390625 0.0117188 0 0.925781 0 
0.015625 0 0.0859375 0.0117188 0.0117188 0.0195312 0.0351562 0 0.8125 0.0078125 
0.00390625 0 0.0273438 0.00390625 0 0 0.00390625 0 0.953125 0.00390625 
0.00390625 0 0.0234375 0.0117188 0.0195312 0.00390625 0.0390625 0 0.890625 0.0078125 
0.00390625 0 0.0273438 0.00390625 0.0078125 0 0.0234375 0 0.917969 0.0195312 
0.0546875 0 0.15625 0.0195312 0.0195312 0.0195312 0.046875 0 0.652344 0.03125 
0.00390625 0 0.0507812 0.0078125 0.00390625 0.0078125 0.0390625 0 0.875 0.015625 
0.03125 0 0.128906 0.0195312 0.0859375 0.0117188 0.046875 0.00390625 0.664062 0.0078125 
0.0117188 0 0.148438 0.00390625 0 0.00390625 0.0273438 0 0.773438 0.0273438 
0.00390625 0 0.0390625 0.0078125 0.03125 0.015625 0.0195312 0 0.871094 0.0078125 
0.00390625 0 0.117188 0.0078125 0.0234375 0.0234375 0.0625 0 0.746094 0.0195312 
0.00390625 0 0.0351562 0.0078125 0.0078125 0.0078125 0.0351562 0 0.894531 0.0078125 
0.0078125 0 0.0195312 0.00390625 0.0195312 0.0078125 0.0390625 0 0.894531 0.00390625 
0.00390625 0 0.105469 0.0078125 0.0078125 0.00390625 0.0390625 0 0.824219 0.00390625 
0.00390625 0 0.0507812 0.00390625 0.00390625 0.00390625 0.0234375 0 0.910156 0 
0.00390625 0 0.0351562 0.0078125 0.00390625 0.0078125 0.0117188 0 0.933594 0 
0.0117188 0 0.203125 0.015625 0.0078125 0.00390625 0.0195312 0 0.703125 0.0273438 
0.00390625 0 0.15625 0.0117188 0.0078125 0.00390625 0.0117188 0 0.800781 0.00390625 
0.03125 0 0.0742188 0.0078125 0.0625 0.0117188 0.0390625 0.00390625 0.71875 0.0507812 
0.00390625 0 0.0195312 0.00390625 0.00390625 0.00390625 0.00390625 0 0.945312 0.0117188 
0.0078125 0 0.105469 0.0117188 0.128906 0.015625 0.0234375 0 0.667969 0.0390625 
0.00390625 0 0.0742188 0.00390625 0.00390625 0.00390625 0.0078125 0 0.894531 0.00390625 
0.00390625 0 0.0234375 0.0117188 0.0117188 0 0.0078125 0 0.929688 0.0078125 
0 0 0.0625 0 0.0117188 0 0.0117188 0 0.910156 0 
0.00390625 0 0.0703125 0.015625 0.03125 0.00390625 0.0078125 0 0.855469 0.0078125 
0.00390625 0 0.0273438 0.0078125 0.015625 0.015625 0.03125 0 0.875 0.015625 
0.0078125 0 0.0585938 0.0585938 0.00390625 0.0078125 0.0234375 0.00390625 0.832031 0.00390625 
0.0117188 0 0.222656 0.0273438 0.0820312 0 0.015625 0 0.628906 0.0117188 
0.00390625 0 0.0742188 0.00390625 0.0195312 0.00390625 0.015625 0 0.863281 0.015625 
0.0078125 0 0.0507812 0.0078125 0.0078125 0.0078125 0.0273438 0 0.890625 0 
0.0078125 0 0.0703125 0.0078125 0.0195312 0.0078125 0.0273438 0 0.851562 0.0078125 
0.0117188 0 0.0429688 0.0078125 0.0351562 0.0078125 0.117188 0 0.757812 0.0195312 
0.00390625 0 0.0507812 0.00390625 0.015625 0.00390625 0.0234375 0 0.878906 0.0234375 
0.0078125 0 0.0507812 0.00390625 0.00390625 0.0117188 0.00390625 0 0.90625 0.0078125 
0.015625 0 0.101562 0.0234375 0.0117188 0.0234375 0.0195312 0 0.796875 0.00390625 
0.0117188 0 0.0390625 0.015625 0.046875 0.00390625 0.015625 0 0.847656 0.015625 
0.00390625 0 0.21875 0.00390625 0 0 0.0078125 0 0.75 0.0117188 
0 0 0.0898438 0.015625 0.0195312 0.00390625 0.0078125 0 0.859375 0.00390625 
0 0 0.433594 0.0234375 0 0 0.00390625 0 0.535156 0 
0.0117188 0 0.152344 0.0117188 0.0078125 0.00390625 0.0078125 0 0.789062 0.015625 
0.00390625 0 0.0351562 0.00390625 0.0078125 0.00390625 0.00390625 0 0.9375 0.00390625 
0.0078125 0 0.0859375 0.0117188 0.0117188 0.0234375 0.0351562 0 0.8125 0.0078125 
0.00390625 0 0.0273438 0.0195312 0 0.00390625 0.00390625 0 0.925781 0.015625 
0.0078125 0 0.109375 0.00390625 0.00390625 0 0.015625 0 0.855469 0.0078125 
0 0 0.0273438 0 0.00390625 0 0.00390625 0 0.960938 0.00390625 
0 0 0.0273438 0.0078125 0.00390625 0.00390625 0.0117188 0 0.933594 0.0078125 
0 0 0.015625 0 0.0078125 0.00390625 0.00390625 0 0.964844 0 
0 0 0.0429688 0.00390625 0.00390625 0.00390625 0.0117188 0 0.925781 0.0078125 
0.00390625 0 0.0273438 0.0078125 0.00390625 0 0.0078125 0 0.945312 0.00390625 
0 0 0.0625 0.015625 0.00390625 0 0.0117188 0 0.898438 0.0078125 
0.00390625 0 0.0429688 0.0117188 0.0976562 0.0273438 0.0429688 0 0.765625 0.00390625 
0.0078125 0 0.0195312 0.0078125 0.0195312 0.0117188 0 0 0.914062 0.0195312 
0.0078125 0 0.0625 0.00390625 0.0117188 0.0078125 0.0117188 0 0.886719 0.0078125 
0 0 0.0507812 0.0273438 0 0.0078125 0.0117188 0 0.898438 0.00390625 
0.00390625 0 0.0859375 0.0195312 0.0078125 0.0078125 0.046875 0 0.828125 0.00390625 
0.00390625 0 0.0234375 0.00390625 0.0078125 0.00390625 0.0195312 0 0.925781 0.0117188 
0.0117188 0 0.109375 0.03125 0.0273438 0.0273438 0.0742188 0 0.695312 0.0273438 
0 0 0.0078125 0 0 0 0.00390625 0 0.984375 0 
0.00390625 0 0.0078125 0 0.0117188 0 0.0195312 0 0.953125 0.00390625 
0.0195312 0 0.0820312 0.00390625 0.0234375 0.0078125 0.0820312 0 0.777344 0.00390625 
0.00390625 0 0.0117188 0.0078125 0.0117188 0.0195312 0.0195312 0 0.925781 0.00390625 
0.00390625 0 0.0195312 0.00390625 0.0234375 0.00390625 0.0273438 0 0.914062 0.00390625 
0.00390625 0 0.0429688 0.0078125 0.0117188 0.00390625 0.0234375 0 0.902344 0.0078125 
0.00390625 0 0.0898438 0.015625 0.00390625 0 0.0078125 0 0.871094 0.00390625 
0.0078125 0 0.0585938 0.015625 0.0273438 0.00390625 0.0273438 0 0.855469 0.00390625 
0.0117188 0 0.246094 0.0273438 0.00390625 0.0078125 0.0078125 0 0.691406 0.00390625 
0.00390625 0 0.0351562 0.00390625 0.00390625 0.00390625 0.0117188 0 0.925781 0.015625 
0.0117188 0 0.0585938 0.0078125 0.015625 0.0078125 0.046875 0 0.835938 0.0117188 
0.00390625 0 0.0507812 0 0.0195312 0 0.0117188 0 0.90625 0.0078125 
0.0234375 0 0.101562 0.00390625 0.0195312 0.015625 0.0429688 0 0.78125 0.0117188 
0.00390625 0 0.1875 0.00390625 0.00390625 0.00390625 0.00390625 0 0.792969 0.00390625 
0.00390625 0 0.0273438 0.00390625 0.00390625 0.00390625 0.015625 0 0.929688 0.0078125 
0.00390625 0 0.0898438 0.00390625 0.00390625 0.00390625 0.0195312 0 0.871094 0 
0.0234375 0 0.0664062 0.0234375 0.0117188 0.00390625 0.0195312 0 0.800781 0.046875 
0.0078125 0 0.167969 0.015625 0.03125 0.0117188 0.0390625 0 0.703125 0.015625 
0.00390625 0 0.0625 0.0078125 0.0117188 0 0.0234375 0 0.890625 0.00390625 
0.0078125 0 0.0898438 0.0195312 0.0117188 0.00390625 0.0195312 0 0.847656 0.00390625 
0.03125 0 0.0390625 0.0078125 0.0078125 0.015625 0.046875 0 0.84375 0.0078125 
0.0078125 0 0.0351562 0.0351562 0.00390625 0.0078125 0.0117188 0 0.894531 0.0078125 
0 0 0.0390625 0.00390625 0.0078125 0.0117188 0.0351562 0 0.898438 0 
0.00390625 0 0.0625 0 0.00390625 0 0.03125 0 0.890625 0.00390625 
0.0078125 0 0.125 0.015625 0.00390625 0.00390625 0.0351562 0 0.796875 0.0078125 
0.00390625 0 0.046875 0.0117188 0.0078125 0.0117188 0.0859375 0 0.820312 0.0117188 
0 0 0.09375 0.00390625 0.00390625 0.00390625 0.0078125 0 0.886719 0 
0.015625 0 0.15625 0.00390625 0.105469 0 0.046875 0.00390625 0.660156 0.0078125 
0.00390625 0 0.0273438 0.015625 0.0117188 0.00390625 0.00390625 0 0.929688 0.00390625 
0.00390625 0 0.0429688 0.0117188 0.0117188 0.00390625 0.00390625 0 0.914062 0.00390625 
0.00390625 0 0.0117188 0.0117188 0 0.00390625 0.0117188 0 0.957031 0.00390625 
0.0078125 0 0.0585938 0.0273438 0.03125 0.0078125 0.0273438 0 0.839844 0.0078125 
0.0078125 0 0.046875 0.00390625 0.0585938 0.0078125 0.0390625 0 0.835938 0.00390625 
0.0117188 0 0.15625 0.0351562 0.015625 0.00390625 0.105469 0 0.660156 0.00390625 
0.00390625 0 0.015625 0.00390625 0.015625 0.0117188 0.0078125 0 0.945312 0 
0.0195312 0 0.0664062 0.0117188 0.0546875 0.0195312 0.0429688 0 0.769531 0.0195312 
0.00390625 0 0.0742188 0.00390625 0.0078125 0.00390625 0.0390625 0 0.859375 0.0078125 
0.00390625 0 0.0429688 0.0117188 0.0117188 0 0.0078125 0 0.90625 0.0195312 
0.0195312 0 0.0703125 0.0117188 0.03125 0.0078125 0.0195312 0 0.832031 0.00390625 
0.0078125 0 0.0507812 0.0117188 0.00390625 0.00390625 0.0117188 0 0.890625 0.0195312 
0.0078125 0 0.0390625 0.0078125 0.0195312 0.0078125 0.03125 0 0.878906 0.00390625 
0.015625 0 0.0703125 0.015625 0.0117188 0.00390625 0.0546875 0 0.820312 0.00390625 
0.00390625 0 0.015625 0 0.00390625 0 0.00390625 0 0.96875 0.00390625 
0.0117188 0 0.0195312 0.0117188 0 0.0078125 0.0195312 0 0.894531 0.0351562 
0.0078125 0 0.0273438 0 0.00390625 0 0.00390625 0 0.949219 0.00390625 
0.00390625 0 0.152344 0.0234375 0 0.00390625 0.0117188 0 0.796875 0.00390625 
0.00390625 0 0.0859375 0.03125 0.0078125 0.00390625 0.0117188 0 0.839844 0.015625 
0.0078125 0 0.0273438 0.00390625 0.00390625 0 0.0117188 0 0.9375 0.00390625 
0.046875 0 0.105469 0.0234375 0.0117188 0.0078125 0.0703125 0 0.667969 0.0703125 
0.00390625 0 0.0703125 0.0078125 0.0390625 0.0078125 0.0195312 0 0.839844 0.0117188 
0.0078125 0 0.0507812 0.00390625 0.0078125 0.0078125 0.0390625 0 0.875 0.0117188 
0 0 0.0625 0.015625 0.00390625 0.00390625 0.00390625 0 0.90625 0.00390625 
0.00390625 0 0.132812 0.0078125 0.00390625 0.00390625 0.0117188 0 0.835938 0.00390625 
0.00390625 0 0.214844 0 0.0078125 0 0.0195312 0 0.742188 0.0117188 
0.0078125 0 0.109375 0.00390625 0.0117188 0.00390625 0.00390625 0 0.851562 0.0117188 
0.00390625 0 0.0273438 0.00390625 0.0234375 0.00390625 0.0195312 0 0.886719 0.03125 
0 0 0.0429688 0.0078125 0.0078125 0 0.0078125 0 0.929688 0.00390625 
0.0078125 0 0.0273438 0.0117188 0.0273438 0.0078125 0.0390625 0 0.875 0.00390625 
0 0 0.0742188 0.00390625 0.0078125 0 0.0078125 0 0.894531 0.00390625 
0.00390625 0 0.0898438 0.0117188 0.0078125 0.00390625 0.0273438 0 0.855469 0.00390625 
0.00390625 0 0.0234375 0 0.015625 0.00390625 0.0078125 0 0.9375 0.0078125 
0.00390625 0 0.0390625 0.0078125 0.0390625 0.00390625 0.0234375 0 0.878906 0.0078125 
0.0117188 0 0.0351562 0.0117188 0.00390625 0.00390625 0.015625 0 0.914062 0.00390625 
0 0 0.0429688 0.0117188 0.00390625 0.00390625 0.0078125 0 0.914062 0.015625 
0 0 0.0507812 0.00390625 0 0.00390625 0.0117188 0 0.925781 0 
0.00390625 0 0.0898438 0.00390625 0.00390625 0.00390625 0.0273438 0 0.867188 0.00390625 
0.0078125 0 0.03125 0.0078125 0 0.0078125 0.0195312 0 0.871094 0.0507812 
0.0078125 0 0.0273438 0.0195312 0.0234375 0 0.0195312 0 0.898438 0.00390625 
0.00390625 0 0.015625 0.0117188 0.00390625 0.00390625 0.00390625 0 0.953125 0.00390625 
0.0078125 0 0.09375 0 0.140625 0.00390625 0.0234375 0 0.726562 0.00390625 
0.0234375 0 0.0976562 0.015625 0.015625 0.00390625 0.0429688 0 0.773438 0.0234375 
0.0078125 0 0.0195312 0.0078125 0.0078125 0.0195312 0.0390625 0 0.894531 0.00390625 
0.0195312 0 0.0976562 0.0234375 0.0234375 0.0078125 0.0625 0 0.75 0.0195312 
0.00390625 0 0.0742188 0.015625 0.0078125 0 0.015625 0 0.875 0.00390625 
0.0078125 0 0.0585938 0.015625 0.0078125 0 0.0273438 0 0.871094 0.0078125 
0.00390625 0 0.0390625 0.015625 0.0078125 0.0078125 0.046875 0 0.863281 0.0078125 
0 0 0.03125 0.0390625 0.015625 0.0273438 0.0390625 0 0.84375 0.00390625 
0.0117188 0 0.0625 0.00390625 0.0078125 0.00390625 0.0195312 0 0.882812 0.0117188 
0 0 0.015625 0.0078125 0.00390625 0.00390625 0.00390625 0 0.953125 0.0117188 
0.00390625 0 0.0429688 0.0117188 0.00390625 0.0078125 0.0117188 0 0.910156 0.0078125 
0 0 0.00390625 0.0117188 0.0078125 0.0117188 0.0117188 0 0.949219 0.00390625 
0.0078125 0 0.0664062 0.0117188 0.015625 0.0117188 0.046875 0 0.808594 0.03125 
0.00390625 0 0.0195312 0.00390625 0.0234375 0.0078125 0.0429688 0 0.902344 0.00390625 
0.00390625 0 0.0742188 0.00390625 0.0078125 0.0117188 0.015625 0 0.882812 0 
0.0078125 0 0.0703125 0.0117188 0.0390625 0.0078125 0.0390625 0 0.820312 0.00390625 
0.00390625 0 0.0195312 0.00390625 0.015625 0.0078125 0.0117188 0 0.933594 0.0078125 
0.015625 0 0.0898438 0.015625 0.0703125 0.0195312 0.0585938 0 0.691406 0.0390625 
0.0078125 0 0.0429688 0.015625 0.0078125 0.00390625 0.0195312 0 0.902344 0.00390625 
0.00390625 0 0.0742188 0.0078125 0.0078125 0 0.00390625 0 0.894531 0.00390625 
0 0 0.0117188 0 0.0117188 0 0 0 0.96875 0 
0.0078125 0 0.128906 0.0117188 0.0117188 0.0078125 0.0078125 0 0.820312 0.00390625 
0 0 0.0507812 0.0390625 0 0.00390625 0.0078125 0 0.890625 0.00390625 
0.0078125 0 0.0742188 0.00390625 0 0 0.0078125 0 0.898438 0.00390625 
0.0078125 0 0.0117188 0.0195312 0.0195312 0.0078125 0.0390625 0 0.890625 0.00390625 
0.00390625 0 0.0585938 0.0078125 0.03125 0 0.015625 0 0.878906 0 
0.015625 0 0.0273438 0.0195312 0.015625 0.03125 0.0195312 0 0.859375 0.015625 
0.00390625 0 0.0898438 0.00390625 0.0078125 0 0.0273438 0 0.859375 0.00390625 
0 0 0.0625 0.00390625 0 0 0.00390625 0 0.921875 0.00390625 
0 0 0.0195312 0.0117188 0 0 0.00390625 0 0.957031 0.00390625 
0 0 0.0625 0 0.015625 0.00390625 0.0078125 0 0.898438 0.0078125 
0.0078125 0 0.0585938 0.0078125 0.00390625 0.00390625 0.0117188 0 0.867188 0.0390625 
0.0195312 0 0.0429688 0.00390625 0.0078125 0.0117188 0.0078125 0 0.90625 0.0078125 
0.00390625 0 0.0703125 0.0390625 0.00390625 0.0117188 0.0390625 0 0.8125 0.0234375 
0 0 0.0898438 0.00390625 0.0078125 0 0.0117188 0 0.878906 0.00390625 
0.0078125 0 0.0898438 0.0078125 0.0078125 0.00390625 0.0117188 0 0.867188 0.0078125 
0.03125 0 0.0429688 0.00390625 0.101562 0.0117188 0.125 0 0.648438 0.0351562 
0.00390625 0 0.0625 0.00390625 0.0390625 0 0.0078125 0 0.878906 0.00390625 
0 0 0.0078125 0 0.00390625 0 0.0078125 0 0.980469 0 
0.0195312 0 0.0859375 0.00390625 0.0234375 0.00390625 0.0195312 0 0.828125 0.0078125 
0.00390625 0 0.0898438 0.00390625 0.00390625 0 0.015625 0 0.878906 0.00390625 
0.0234375 0 0.078125 0.0078125 0.0117188 0.0078125 0.0664062 0 0.769531 0.0351562 
0.00390625 0 0.0195312 0.00390625 0.00390625 0.00390625 0.0078125 0 0.957031 0.00390625 
0.00390625 0 0.0507812 0.0234375 0.0234375 0.0351562 0.078125 0 0.761719 0.0195312 
0.00390625 0 0.0507812 0.0078125 0.0078125 0 0.0234375 0 0.898438 0.0078125 
0.0117188 0 0.0429688 0 0.0195312 0.00390625 0.0078125 0 0.910156 0.00390625 
0.00390625 0 0.0195312 0.015625 0.00390625 0.00390625 0.0078125 0 0.945312 0.00390625 
0.00390625 0 0.238281 0.0117188 0.0390625 0.00390625 0.0390625 0 0.664062 0.00390625 
0 0 0.0390625 0.015625 0.0078125 0.03125 0.0195312 0 0.882812 0.00390625 
0.00390625 0 0.0429688 0.00390625 0 0.00390625 0.015625 0 0.929688 0 
0.00390625 0 0.0117188 0.00390625 0.0195312 0.00390625 0.0234375 0 0.933594 0.00390625 
0.0117188 0 0.0898438 0.00390625 0 0.00390625 0.015625 0 0.867188 0.00390625 
0.00390625 0 0.0585938 0.0234375 0.0273438 0 0.0078125 0 0.871094 0.0078125 
0.00390625 0 0.121094 0.0078125 0.0273438 0.00390625 0.0664062 0 0.765625 0.00390625 
0 0 0.0078125 0 0.00390625 0.00390625 0.0078125 0 0.96875 0.00390625 
0.00390625 0 0.0742188 0.03125 0.00390625 0 0.00390625 0 0.875 0 
0.0078125 0 0.0390625 0.00390625 0.0234375 0.00390625 0.0234375 0 0.894531 0.00390625 
0.00390625 0 0.0390625 0.015625 0.0195312 0 0.015625 0 0.898438 0.0078125 
0.0117188 0 0.144531 0.015625 0.0429688 0.00390625 0.0234375 0.00390625 0.742188 0.015625 
0.015625 0 0.0273438 0.0078125 0.0117188 0.00390625 0.0117188 0 0.917969 0.00390625 
0.00390625 0 0.0859375 0.03125 0.0117188 0.00390625 0.0390625 0 0.816406 0.0117188 
0.0117188 0 0.0507812 0.0117188 0.00390625 0.00390625 0.0195312 0 0.898438 0.00390625 
0.03125 0 0.03125 0.0117188 0.0117188 0.015625 0.046875 0 0.835938 0.0117188 
0.00390625 0 0.101562 0.0429688 0.0078125 0.0117188 0.0195312 0 0.796875 0.015625 
0.0195312 0 0.0507812 0.0078125 0.0117188 0.00390625 0.0195312 0 0.878906 0.015625 
0.0117188 0 0.125 0.0078125 0.0117188 0.00390625 0.03125 0 0.800781 0.0078125 
0.03125 0 0.0703125 0.015625 0.0078125 0 0.015625 0 0.851562 0.0078125 
0.00390625 0 0.0507812 0.0117188 0.015625 0.00390625 0.0273438 0 0.878906 0.0078125 
0.015625 0 0.0390625 0.0078125 0.015625 0.00390625 0.03125 0 0.871094 0.015625 
0.00390625 0 0.0351562 0.0117188 0.00390625 0 0.015625 0 0.921875 0.0078125 
0.00390625 0 0.0898438 0.00390625 0.0078125 0.00390625 0.0195312 0 0.859375 0.0117188 
0.0117188 0 0.0546875 0.0117188 0.03125 0.00390625 0.0546875 0 0.8125 0.015625 
0.00390625 0 0.0195312 0.00390625 0.00390625 0 0.00390625 0 0.957031 0.0117188 
0.0195312 0 0.0859375 0.00390625 0.0117188 0 0.0195312 0 0.835938 0.015625 
0.00390625 0 0.0742188 0.015625 0.0078125 0.00390625 0.0078125 0 0.882812 0.00390625 
0.00390625 0 0.015625 0 0.00390625 0 0.00390625 0 0.960938 0.0117188 
0.0078125 0 0.210938 0.0078125 0.015625 0.00390625 0.0117188 0 0.730469 0.015625 
0.00390625 0 0.0273438 0.00390625 0.0117188 0.00390625 0.0273438 0 0.910156 0.015625 
0.0664062 0 0.15625 0.00390625 0.0195312 0.00390625 0.0820312 0 0.65625 0.00390625 
0.00390625 0 0.0351562 0.00390625 0.0078125 0.0078125 0.0234375 0 0.917969 0 
0.00390625 0 0.0234375 0.0351562 0.0195312 0.00390625 0.015625 0 0.902344 0 
0.0351562 0 0.0429688 0.0273438 0.0117188 0.0078125 0.0664062 0 0.769531 0.0351562 
0.0078125 0 0.453125 0.0273438 0.0078125 0.0117188 0.03125 0 0.453125 0.0078125 
0.00390625 0 0.0703125 0.00390625 0.0703125 0.00390625 0.0117188 0 0.820312 0.015625 
0.0117188 0 0.0859375 0.00390625 0.015625 0.0078125 0.03125 0 0.824219 0.015625 
0.00390625 0 0.0273438 0.00390625 0.0117188 0 0.00390625 0 0.945312 0.00390625 
0 0 0.0078125 0 0.015625 0 0.0078125 0 0.960938 0.0078125 
0.0117188 0 0.0976562 0.0117188 0.0234375 0.00390625 0.0664062 0 0.777344 0.0078125 
0.00390625 0 0.0507812 0.0195312 0.0078125 0.00390625 0.0234375 0 0.886719 0.00390625 
0 0 0.0117188 0.00390625 0 0 0.00390625 0 0.980469 0 
0.00390625 0 0.0117188 0.00390625 0.00390625 0 0.00390625 0 0.96875 0.00390625 
0.00390625 0 0.152344 0.0078125 0.00390625 0.00390625 0.0117188 0 0.796875 0.015625 
0.0078125 0 0.0234375 0.00390625 0.0078125 0.00390625 0.0625 0 0.882812 0.0078125 
0 0 0.0273438 0 0.0195312 0.00390625 0.0117188 0 0.929688 0.00390625 
0.0117188 0 0.105469 0.0117188 0.015625 0.0078125 0.0234375 0 0.8125 0.0117188 
0.0078125 0 0.0507812 0 0.00390625 0 0.0195312 0 0.910156 0.0117188 
0.0234375 0 0.175781 0.0117188 0.0195312 0.00390625 0.0273438 0.00390625 0.738281 0.00390625 
0.00390625 0 0.125 0.0078125 0.0117188 0.00390625 0.0351562 0 0.792969 0.0234375 
0.0117188 0 0.125 0.00390625 0.0351562 0 0.0234375 0 0.792969 0.0078125 
0.0078125 0 0.0390625 0.0078125 0.0078125 0.00390625 0.0234375 0 0.878906 0.03125 
0.00390625 0 0.105469 0.015625 0.015625 0.0078125 0.0117188 0 0.835938 0.00390625 
0.00390625 0 0.0234375 0.00390625 0.0078125 0.00390625 0.00390625 0 0.949219 0.0078125 
0.015625 0 0.148438 0.0117188 0.0117188 0.00390625 0.0234375 0 0.761719 0.0273438 
0.0078125 0 0.109375 0.015625 0.00390625 0 0.015625 0 0.847656 0.0078125 
0 0 0.0898438 0.00390625 0.0078125 0.00390625 0.0273438 0 0.863281 0.00390625 
0.0078125 0 0.128906 0.00390625 0.0078125 0.00390625 0.0078125 0 0.824219 0.015625 
0 0 0.0585938 0.0234375 0.03125 0.00390625 0.0390625 0 0.835938 0.0078125 
0 0 0.109375 0 0.015625 0 0.0078125 0 0.867188 0 
0.00390625 0 0.101562 0.0429688 0 0.0117188 0.0351562 0 0.792969 0.00390625 
0 0 0.0507812 0.00390625 0.00390625 0 0.0117188 0 0.921875 0.0078125 
0.0078125 0 0.0390625 0.0273438 0.0117188 0.0117188 0.0390625 0 0.855469 0.0078125 
0.00390625 0 0.132812 0 0.00390625 0 0.00390625 0 0.851562 0 
0.00390625 0 0.0429688 0.00390625 0.0078125 0 0.0078125 0 0.929688 0.00390625 
0.015625 0 0.0390625 0.0078125 0.0078125 0.015625 0.0390625 0 0.867188 0.0078125 
0.00390625 0 0.109375 0.00390625 0.00390625 0 0.0117188 0 0.859375 0.00390625 
0.00390625 0 0.0351562 0.0117188 0.0078125 0.00390625 0.0195312 0 0.90625 0.015625 
0.0117188 0 0.0703125 0.0117188 0.132812 0.0234375 0.0585938 0 0.679688 0.0078125 
0.00390625 0 0.0429688 0.0117188 0.0078125 0 0.00390625 0 0.929688 0 
0 0 0.0625 0.00390625 0.00390625 0 0.00390625 0 0.921875 0.00390625 
0.00390625 0 0.101562 0.0234375 0.0078125 0.0117188 0.0351562 0 0.804688 0.0078125 
0 0 0.0742188 0.0117188 0.00390625 0 0.0078125 0 0.898438 0 
0.0078125 0 0.105469 0.0195312 0.0078125 0.0078125 0.0234375 0 0.824219 0.00390625 
0.0078125 0 0.195312 0.015625 0.0703125 0.0117188 0.015625 0.00390625 0.667969 0.015625 
0.0117188 0 0.046875 0.00390625 0.0234375 0.00390625 0.0234375 0 0.824219 0.0585938 
0 0 0.0703125 0.0234375 0.046875 0.00390625 0.0234375 0 0.828125 0.00390625 
0.00390625 0 0.0703125 0.0195312 0.015625 0.00390625 0.0117188 0 0.851562 0.0195312 
0.0117188 0 0.191406 0.0351562 0.00390625 0.015625 0.0703125 0 0.660156 0.0078125 
0.0117188 0 0.0234375 0 0.00390625 0.00390625 0.0078125 0 0.941406 0.00390625 
0.0078125 0 0.0625 0.015625 0.0117188 0.00390625 0.0078125 0 0.882812 0.0117188 
0.0195312 0 0.0546875 0.0078125 0.0117188 0.0078125 0.0195312 0 0.820312 0.0546875 
0.00390625 0 0.0273438 0.015625 0.0117188 0.00390625 0.015625 0 0.921875 0.00390625 
0.0078125 0 0.0859375 0.03125 0.0117188 0.0078125 0.03125 0 0.824219 0.00390625 
0.00390625 0 0.0234375 0.00390625 0.00390625 0.00390625 0.0117188 0 0.945312 0.00390625 
0.0117188 0 0.105469 0.0117188 0.00390625 0.0117188 0.0195312 0 0.8125 0.0195312 
0.00390625 0 0.132812 0.00390625 0.00390625 0 0.0078125 0 0.84375 0.0078125 
0.00390625 0 0.0507812 0.0078125 0.015625 0.0078125 0.015625 0 0.902344 0.00390625 
0.015625 0 0.101562 0.015625 0.0117188 0.00390625 0.0664062 0 0.78125 0.00390625 
0.0117188 0 0.0234375 0.0234375 0.0546875 0.00390625 0.0664062 0 0.792969 0.0195312 
0.00390625 0 0.0195312 0.00390625 0.00390625 0 0.0117188 0 0.953125 0.00390625 
0 0 0.0351562 0.0351562 0.00390625 0.0078125 0.0078125 0 0.902344 0.00390625 
0.015625 0 0.0273438 0 0.0273438 0.0078125 0.0117188 0 0.898438 0.0117188 
0.00390625 0 0.152344 0.0117188 0.0117188 0 0.0117188 0 0.792969 0.0117188 
0.00390625 0 0.0117188 0.00390625 0.015625 0.00390625 0.0117188 0 0.933594 0.015625 
0.015625 0 0.0273438 0.0078125 0.046875 0.015625 0.0390625 0 0.847656 0.0078125 
0.0078125 0 0.109375 0.0117188 0.00390625 0.00390625 0.015625 0 0.84375 0.00390625 
0.00390625 0 0.109375 0.00390625 0.00390625 0 0.0078125 0 0.871094 0 
0.00390625 0 0.0273438 0 0.00390625 0.00390625 0.0078125 0 0.945312 0.0078125 
0.00390625 0 0.132812 0.0078125 0.00390625 0 0.0117188 0 0.835938 0.00390625 
0 0 0.144531 0.0273438 0.0234375 0.00390625 0.0195312 0 0.757812 0.0234375 
0.0195312 0 0.207031 0.0078125 0.015625 0.00390625 0.0195312 0 0.71875 0.0117188 
0.00390625 0 0.230469 0.0546875 0.0351562 0.0234375 0.125 0 0.523438 0.00390625 
0.015625 0 0.0390625 0.0117188 0.0390625 0.0117188 0.03125 0 0.820312 0.03125 
0.0351562 0 0.117188 0.00390625 0.0078125 0.00390625 0.078125 0 0.742188 0.0117188 
0.00390625 0 0.0195312 0.00390625 0.0078125 0.00390625 0.0078125 0 0.949219 0.0078125 
0.0117188 0 0.0273438 0.00390625 0.0195312 0 0.0078125 0 0.929688 0.00390625 
0 0 0.015625 0.00390625 0 0 0.0117188 0 0.960938 0.00390625 
0.0078125 0 0.0703125 0.0234375 0.00390625 0.0859375 0.128906 0 0.671875 0.0078125 
0.0117188 0 0.0664062 0.015625 0.03125 0.0117188 0.0546875 0 0.792969 0.015625 
0.0351562 0 0.0976562 0.015625 0.0078125 0.00390625 0.0664062 0 0.769531 0.00390625 
0.0507812 0 0.113281 0.0390625 0.0078125 0.0117188 0.0273438 0 0.710938 0.0390625 
0.0195312 0 0.03125 0.00390625 0.0585938 0.00390625 0.046875 0 0.828125 0.0117188 
0.00390625 0 0.0898438 0.0078125 0.00390625 0.00390625 0.015625 0 0.871094 0 
0.0195312 0 0.113281 0.00390625 0.0898438 0.0195312 0.03125 0 0.71875 0.00390625 
0 0 0.0351562 0 0.0195312 0 0.0117188 0 0.925781 0.0078125 
0.03125 0 0.128906 0.0078125 0.0195312 0.015625 0.0703125 0 0.675781 0.046875 
0.0195312 0 0.0976562 0.0195312 0.0273438 0.0234375 0.0507812 0 0.753906 0.0117188 
0.0078125 0 0.0742188 0.0078125 0.0195312 0.00390625 0.015625 0 0.867188 0.0078125 
0 0 0.0507812 0.00390625 0.00390625 0.00390625 0.00390625 0 0.929688 0.00390625 
0.00390625 0 0.046875 0.0585938 0 0.0078125 0.0078125 0 0.863281 0.0078125 
0.0195312 0 0.101562 0.00390625 0.0234375 0.00390625 0.0351562 0 0.800781 0.00390625 
0.00390625 0 0.046875 0.00390625 0.0117188 0.0390625 0.03125 0 0.855469 0.0078125 
0.00390625 0 0.078125 0.0429688 0.015625 0.0429688 0.0429688 0 0.765625 0.00390625 
0.00390625 0 0.0273438 0 0 0.0078125 0.0429688 0 0.90625 0.0078125 
0 0 0.0507812 0.0078125 0.00390625 0 0.0078125 0 0.921875 0.00390625 
0.00390625 0 0.0195312 0.0117188 0.00390625 0.0078125 0.0273438 0 0.917969 0.0078125 
0.00390625 0 0.0195312 0.0078125 0.0078125 0.0117188 0.015625 0 0.933594 0.00390625 
0.00390625 0 0.0585938 0.0078125 0 0.00390625 0.0078125 0 0.875 0.0390625 
0.0078125 0 0.136719 0.0117188 0.0585938 0.00390625 0.0585938 0 0.710938 0.00390625 
0.00390625 0 0.0195312 0.0273438 0.0078125 0.0234375 0.0195312 0 0.894531 0.00390625 
0 0 0.0234375 0.0078125 0.00390625 0 0.0273438 0 0.929688 0.00390625 
0.0195312 0 0.109375 0.00390625 0.0078125 0.00390625 0.00390625 0 0.84375 0.0078125 
0.0117188 0 0.0507812 0.00390625 0.015625 0.0078125 0.015625 0 0.871094 0.0273438 
0.00390625 0 0.0273438 0 0.0117188 0.00390625 0.0117188 0 0.941406 0 
0.00390625 0 0.0429688 0.0078125 0.00390625 0.00390625 0.0078125 0 0.925781 0.00390625 
0.03125 0 0.136719 0.015625 0.0078125 0.0078125 0.0585938 0 0.707031 0.03125 
0 0 0.0078125 0 0.00390625 0.00390625 0.0078125 0 0.972656 0 
0 0 0.242188 0.046875 0.00390625 0.00390625 0.015625 0 0.679688 0.0078125 
0 0 0.0625 0.00390625 0.00390625 0 0.00390625 0 0.921875 0 
0 0 0.0078125 0 0.0078125 0 0.00390625 0 0.976562 0.00390625 
0.0078125 0 0.03125 0.0117188 0.0703125 0.0117188 0.0117188 0 0.84375 0.0078125 
0.00390625 0 0.0390625 0.00390625 0.0234375 0.00390625 0.0078125 0 0.898438 0.0234375 
0 0 0.0117188 0.00390625 0.0117188 0.00390625 0.015625 0 0.949219 0.00390625 
0.0117188 0 0.101562 0.00390625 0.00390625 0.0078125 0.0664062 0 0.792969 0.0117188 
0.00390625 0 0.109375 0.00390625 0.00390625 0 0.015625 0 0.851562 0.015625 
0.0117188 0 0.046875 0.0117188 0.0078125 0.0078125 0.0585938 0 0.851562 0.00390625 
0.0078125 0 0.046875 0.0078125 0.0078125 0.0078125 0.046875 0 0.847656 0.0273438 
0.00390625 0 0.015625 0 0.00390625 0.00390625 0.0234375 0 0.945312 0.00390625 
0.0195312 0 0.171875 0.0273438 0.0234375 0.00390625 0.015625 0 0.726562 0.0117188 
0 0 0.0078125 0.0078125 0.0078125 0.0117188 0.0117188 0 0.949219 0.00390625 
0.00390625 0 0.0234375 0.0078125 0.00390625 0.00390625 0.0117188 0 0.933594 0.0117188 
0.0078125 0 0.0859375 0.0117188 0.0078125 0.0078125 0.0390625 0 0.839844 0.00390625 
0.00390625 0 0.0234375 0.00390625 0.0507812 0.0078125 0.0078125 0 0.902344 0.00390625 
0.00390625 0 0.105469 0.0078125 0.0390625 0.00390625 0.0078125 0 0.820312 0.0078125 
0.00390625 0 0.0429688 0.0117188 0.0117188 0.00390625 0.00390625 0 0.917969 0.00390625 
0.00390625 0 0.15625 0.0078125 0.0117188 0.00390625 0.00390625 0 0.8125 0 
0.0078125 0 0.0742188 0.00390625 0.015625 0.00390625 0.03125 0 0.863281 0 
0.00390625 0 0.078125 0 0.00390625 0 0.00390625 0 0.90625 0.00390625 
0.00390625 0 0.0390625 0.0390625 0.0390625 0.0078125 0.0117188 0 0.851562 0.0078125 
0.0078125 0 0.0390625 0.0078125 0.0273438 0.00390625 0.0390625 0 0.863281 0.0078125 
0 0 0.1875 0.0078125 0.00390625 0.00390625 0.0078125 0 0.785156 0.00390625 
0.0195312 0 0.0898438 0.0078125 0.0078125 0.0117188 0.136719 0 0.714844 0.0078125 
0.00390625 0 0.0234375 0 0.0117188 0.00390625 0.0234375 0 0.917969 0.015625 
0.0273438 0 0.0585938 0.0078125 0.0078125 0.00390625 0.0117188 0 0.847656 0.0390625 
0.0078125 0 0.0390625 0.0273438 0.015625 0.0078125 0.0078125 0 0.882812 0.0195312 
0 0 0.0625 0.00390625 0.0078125 0 0.0195312 0 0.894531 0.0117188 
0.00390625 0 0.15625 0.0078125 0.00390625 0 0.015625 0 0.804688 0.00390625 
0.015625 0 0.0898438 0.0078125 0.00390625 0.00390625 0.015625 0 0.851562 0.0117188 
0.0507812 0 0.117188 0.00390625 0.0117188 0.0195312 0.0429688 0 0.742188 0.0195312 
0.0078125 0 0.0507812 0.0117188 0.0078125 0.0078125 0.03125 0 0.875 0.0078125 
0.0351562 0 0.0664062 0.00390625 0.0117188 0.00390625 0.0546875 0 0.804688 0.015625 
0.00390625 0 0.0507812 0.0078125 0.0195312 0.0078125 0.0234375 0 0.890625 0.00390625 
0.015625 0 0.164062 0.015625 0.0742188 0 0.0273438 0 0.695312 0.0078125 
0.0546875 0 0.0546875 0.0078125 0.015625 0.0078125 0.0195312 0 0.820312 0.0117188 
0.00390625 0 0.0507812 0.0273438 0.0117188 0.00390625 0.0234375 0 0.882812 0 
0.015625 0 0.179688 0.0625 0.0429688 0.0117188 0.0507812 0.00390625 0.617188 0.0195312 
0 0 0.0507812 0.0078125 0.0351562 0 0.0078125 0 0.894531 0 
0.00390625 0 0.0351562 0.0078125 0 0 0.015625 0 0.929688 0.00390625 
0.00390625 0 0.0429688 0.00390625 0.00390625 0.00390625 0.0195312 0 0.917969 0.0078125 
0.0078125 0 0.0429688 0 0.00390625 0.00390625 0.0117188 0 0.929688 0.00390625 
0.0078125 0 0.0429688 0.0078125 0.0234375 0.00390625 0.015625 0 0.898438 0.00390625 
0.0117188 0 0.121094 0.0117188 0.0273438 0.00390625 0.0546875 0 0.765625 0.00390625 
0.0078125 0 0.0351562 0.0078125 0.0195312 0.015625 0.0078125 0 0.898438 0.00390625 
0 0 0.0625 0 0.00390625 0.00390625 0.0078125 0 0.902344 0.015625 
0.0234375 0 0.0351562 0.00390625 0.00390625 0.00390625 0.0234375 0 0.902344 0.0078125 
0.00390625 0 0.148438 0.015625 0.0117188 0.00390625 0.0195312 0 0.769531 0.0273438 
0 0 0.0625 0.0234375 0 0.00390625 0.0195312 0 0.890625 0 
0.0234375 0 0.09375 0.00390625 0.0351562 0.0078125 0.078125 0 0.742188 0.0195312 
0 0 0.0234375 0.00390625 0.0117188 0 0.00390625 0 0.949219 0.0078125 
0.00390625 0 0.0507812 0.0117188 0.00390625 0.00390625 0.0078125 0 0.914062 0.00390625 
0.015625 0 0.046875 0.0078125 0.0273438 0.015625 0.0273438 0 0.839844 0.0195312 
0.0078125 0 0.148438 0.0117188 0.0117188 0.00390625 0.015625 0 0.773438 0.0273438 
0 0 0.015625 0.00390625 0.0078125 0.00390625 0.015625 0 0.949219 0 
0.0195312 0 0.09375 0.0273438 0.0117188 0.015625 0.078125 0 0.742188 0.0117188 
0.00390625 0 0.0195312 0.00390625 0.00390625 0 0.0117188 0 0.960938 0.00390625 
0.015625 0 0.125 0.0234375 0.0078125 0.00390625 0.015625 0.00390625 0.796875 0.00390625 
0 0 0.015625 0.00390625 0.0195312 0 0.00390625 0 0.949219 0.00390625 
0.0078125 0 0.0351562 0 0.00390625 0.00390625 0.015625 0 0.929688 0.00390625 
0.00390625 0 0.0195312 0 0.0117188 0.00390625 0.00390625 0 0.945312 0.015625 
0 0 0.0351562 0.00390625 0.00390625 0 0.00390625 0 0.945312 0.0078125 
0.015625 0 0.0976562 0.0078125 0.0234375 0.00390625 0.078125 0 0.761719 0.0117188 
0.00390625 0 0.125 0.0078125 0.0234375 0.0078125 0.0195312 0 0.800781 0.0078125 
0.00390625 0 0.128906 0.00390625 0.0117188 0.00390625 0.0234375 0 0.808594 0.0117188 
0.00390625 0 0.0273438 0.0078125 0.00390625 0.00390625 0.0234375 0 0.925781 0 
0.00390625 0 0.0117188 0 0.0351562 0.00390625 0.0078125 0 0.921875 0.0195312 
0 0 0.0078125 0.0117188 0.00390625 0.00390625 0.00390625 0 0.960938 0.00390625 
0 0 0.0234375 0 0.0117188 0 0.0078125 0 0.949219 0.00390625 
0.00390625 0 0.046875 0.015625 0.0078125 0.00390625 0.0195312 0 0.863281 0.0390625 
0.00390625 0 0.0351562 0.00390625 0.0117188 0.00390625 0.0195312 0 0.921875 0.00390625 
0.0078125 0 0.0625 0.00390625 0.00390625 0.015625 0.0078125 0 0.890625 0.0117188 
0.00390625 0 0.0390625 0.0078125 0.0195312 0.0078125 0.0390625 0 0.871094 0.00390625 
0.00390625 0 0.0625 0 0 0 0.0078125 0 0.917969 0.00390625 
0.00390625 0 0.0507812 0 0.00390625 0.00390625 0.0117188 0 0.921875 0.00390625 
0.015625 0 0.128906 0.00390625 0 0 0.0117188 0 0.832031 0.00390625 
0.00390625 0 0.0195312 0.00390625 0.00390625 0.00390625 0.0195312 0 0.945312 0.00390625 
0.0078125 0 0.0234375 0.0117188 0.0078125 0 0.0117188 0 0.933594 0.0078125 
0.0117188 0 0.0820312 0 0.101562 0.00390625 0.015625 0 0.78125 0.00390625 
0 0 0.0273438 0.015625 0.00390625 0 0.0117188 0 0.941406 0 
0.00390625 0 0.0898438 0.015625 0.015625 0 0.0273438 0 0.847656 0.00390625 
0.0234375 0 0.0898438 0.0078125 0.167969 0.0273438 0.0898438 0 0.578125 0.015625 
0.0078125 0 0.0429688 0.00390625 0.00390625 0 0.0078125 0 0.929688 0.00390625 
0.00390625 0 0.109375 0.00390625 0.0078125 0.00390625 0.0078125 0 0.859375 0.0078125 
0.0117188 0 0.0859375 0.0078125 0.0078125 0.0117188 0.0234375 0 0.835938 0.0117188 
0.0195312 0 0.0195312 0.0078125 0.0078125 0.0117188 0.046875 0 0.871094 0.015625 
0.0195312 0 0.09375 0.0234375 0.0078125 0.0078125 0.0507812 0 0.746094 0.0507812 
0.0078125 0 0.0898438 0 0.00390625 0 0.0078125 0 0.882812 0.00390625 
0.015625 0 0.144531 0.00390625 0.0273438 0.0117188 0.0273438 0 0.753906 0.015625 
0.0078125 0 0.0859375 0.0117188 0.015625 0.0117188 0.0234375 0 0.808594 0.03125 
0 0 0.0507812 0.0117188 0.00390625 0.00390625 0 0 0.914062 0.0117188 
0.00390625 0 0.0585938 0.015625 0.00390625 0.0117188 0.015625 0 0.871094 0.015625 
0.00390625 0 0.0234375 0 0.00390625 0 0.0078125 0 0.957031 0.00390625 
0.0078125 0 0.0507812 0.00390625 0.0078125 0.00390625 0.015625 0 0.902344 0.0117188 
0.00390625 0 0.0625 0.00390625 0 0.00390625 0.00390625 0 0.90625 0.015625 
0.0234375 0 0.125 0.00390625 0.0351562 0.00390625 0.0078125 0 0.796875 0.00390625 
0.015625 0 0.183594 0.00390625 0.00390625 0 0.0117188 0 0.777344 0.00390625 
0.0117188 0 0.117188 0.0078125 0.0078125 0.00390625 0.09375 0 0.734375 0.0234375 
0.0078125 0 0.046875 0.0078125 0.015625 0.0078125 0.0273438 0 0.851562 0.03125 
0.00390625 0 0.105469 0.00390625 0.0234375 0.00390625 0.00390625 0 0.839844 0.015625 
0.00390625 0 0.0195312 0.00390625 0.0078125 0.00390625 0.0117188 0 0.945312 0.00390625 
0.00390625 0 0.0117188 0.00390625 0 0.00390625 0.00390625 0 0.957031 0.0117188 
0.00390625 0 0.0429688 0.00390625 0.00390625 0.00390625 0.0117188 0 0.929688 0.00390625 
0.0117188 0 0.0507812 0.0078125 0.0117188 0.00390625 0.015625 0 0.890625 0.0078125 
0.00390625 0 0.0117188 0.00390625 0.0078125 0.0078125 0.015625 0 0.941406 0.0117188 
0.00390625 0 0.0742188 0.0078125 0.00390625 0 0.0195312 0 0.886719 0.00390625 
0.0234375 0 0.117188 0.0195312 0.0351562 0.0117188 0.0429688 0 0.75 0.00390625 
0 0 0.0351562 0.00390625 0.00390625 0.00390625 0.0351562 0 0.921875 0 
0.00390625 0 0.0625 0.0078125 0.0195312 0.0078125 0.0117188 0 0.886719 0.00390625 
0 0 0.0273438 0.015625 0 0.015625 0.0195312 0 0.910156 0.0117188 
0.00390625 0 0.0507812 0 0.00390625 0 0.0078125 0 0.929688 0 
0.0234375 0 0.0976562 0.015625 0.0195312 0.0195312 0.0625 0 0.757812 0.00390625 
0 0 0.0117188 0.0078125 0.00390625 0.00390625 0.0117188 0 0.960938 0 
0.00390625 0 0.0703125 0.00390625 0.0195312 0.0078125 0.0273438 0 0.851562 0.0117188 
0.0117188 0 0.121094 0.015625 0.0195312 0.0117188 0.0273438 0 0.777344 0.015625 
0 0 0.0859375 0.0234375 0.0117188 0.015625 0.0117188 0 0.832031 0.0117188 
0.00390625 0 0.128906 0.0078125 0.00390625 0.00390625 0.0078125 0.00390625 0.820312 0.0195312 
0.0078125 0 0.046875 0.0078125 0.0390625 0.0117188 0.015625 0 0.855469 0.015625 
0.015625 0 0.046875 0.0117188 0.0117188 0.0234375 0.0820312 0 0.800781 0.00390625 
0.00390625 0 0.207031 0.015625 0.0117188 0.0078125 0.015625 0 0.71875 0.0234375 
0.00390625 0 0.0898438 0 0.0078125 0 0.0195312 0 0.871094 0.00390625 
0.0078125 0 0.0742188 0.00390625 0 0 0.0078125 0 0.898438 0.00390625 
0.0195312 0 0.195312 0.00390625 0.0117188 0.0117188 0.0703125 0 0.675781 0.00390625 
0 0 0.0195312 0 0 0 0.00390625 0 0.96875 0.00390625 
0.00390625 0 0.132812 0.00390625 0.0078125 0 0 0 0.84375 0.0078125 
0.00390625 0 0.179688 0.00390625 0.00390625 0.0078125 0.0273438 0 0.761719 0.0078125 
0.00390625 0 0.0507812 0.00390625 0 0.00390625 0.015625 0 0.914062 0.0078125 
0 0 0.0078125 0 0.00390625 0 0.00390625 0 0.980469 0.00390625 
0.0117188 0 0.175781 0.0195312 0.0195312 0.00390625 0.0273438 0 0.738281 0.0117188 
0.00390625 0 0.0507812 0.00390625 0.0117188 0.00390625 0.00390625 0 0.914062 0.0117188 
0.0078125 0 0.0664062 0.015625 0.0820312 0.0117188 0.0078125 0.00390625 0.796875 0.00390625 
0.00390625 0 0.0195312 0.00390625 0.00390625 0 0.0117188 0 0.9375 0.015625 
0.00390625 0 0.0117188 0.00390625 0 0.0117188 0.00390625 0 0.960938 0.00390625 
0.00390625 0 0.0507812 0.0078125 0.0078125 0 0.0078125 0 0.917969 0.00390625 
0.0078125 0 0.0664062 0.0078125 0.0546875 0.0234375 0.0117188 0 0.800781 0.0234375 
0.0078125 0 0.105469 0.0078125 0.0078125 0 0.03125 0 0.828125 0.0117188 
0.015625 0 0.046875 0.0078125 0.0234375 0.0078125 0.046875 0 0.828125 0.0195312 
0.015625 0 0.0390625 0.015625 0.0078125 0.015625 0.0273438 0.00390625 0.855469 0.0273438 
0.00390625 0 0.0390625 0.00390625 0.0273438 0.00390625 0.0078125 0 0.882812 0.0273438 
0.00390625 0 0.109375 0.0078125 0.0078125 0 0.015625 0 0.851562 0.00390625 
0.0117188 0 0.203125 0.015625 0.015625 0.00390625 0.0195312 0 0.699219 0.0273438 
0.0273438 0 0.0898438 0.046875 0.0273438 0.0585938 0.03125 0.00390625 0.695312 0.0195312 
0.00390625 0 0.125 0.0546875 0.00390625 0.00390625 0.0117188 0 0.789062 0.0078125 
0 0 0.0273438 0.00390625 0.0078125 0.00390625 0.0195312 0 0.929688 0.00390625 
0.00390625 0 0.0703125 0.00390625 0.0117188 0.00390625 0.0273438 0 0.847656 0.03125 
0 0 0.128906 0.0117188 0.0117188 0.00390625 0.0078125 0 0.828125 0.00390625 
0.00390625 0 0.0078125 0.00390625 0.00390625 0.0195312 0.0625 0 0.886719 0.015625 
0.015625 0 0.265625 0.0273438 0.0195312 0.0117188 0.0429688 0 0.605469 0.0117188 
0.00390625 0 0.0429688 0.00390625 0.0078125 0.00390625 0.0078125 0 0.925781 0.00390625 
0.00390625 0 0.0117188 0.00390625 0.00390625 0.00390625 0.015625 0 0.953125 0.0117188 
0.0195312 0 0.0390625 0.03125 0.0234375 0.0078125 0.0390625 0 0.828125 0.0117188 
0 0 0.0429688 0 0.00390625 0 0.0234375 0 0.925781 0 
0.015625 0 0.125 0.00390625 0.0117188 0 0.0429688 0 0.792969 0.0078125 
0.00390625 0 0.0351562 0.00390625 0.0117188 0 0.0117188 0 0.925781 0.0117188 
0.0078125 0 0.0195312 0.0390625 0.0273438 0.0078125 0.015625 0 0.855469 0.0273438 
0.00390625 0 0.0117188 0 0.0117188 0.00390625 0.0117188 0 0.953125 0.00390625 
0.015625 0 0.0585938 0.00390625 0.0117188 0.0195312 0.0195312 0 0.863281 0.00390625 
0.0429688 0 0.277344 0.0117188 0.00390625 0.00390625 0.0195312 0 0.632812 0.0117188 
0.0195312 0 0.234375 0.03125 0.0117188 0.00390625 0.0351562 0 0.652344 0.0117188 
0 0 0.105469 0 0.0234375 0 0.0234375 0 0.832031 0.00390625 
0.00390625 0 0.0234375 0.00390625 0.0195312 0 0.015625 0 0.917969 0.015625 
0.00390625 0 0.128906 0.0078125 0.00390625 0 0.0195312 0 0.828125 0.00390625 
0.0078125 0 0.046875 0 0.00390625 0.03125 0.03125 0 0.867188 0.0078125 
0.0078125 0 0.167969 0.0585938 0.00390625 0.0078125 0.046875 0 0.707031 0 
0.00390625 0 0.046875 0.0117188 0.03125 0.03125 0.0117188 0 0.855469 0.0078125 
0 0 0.0898438 0.015625 0.0273438 0 0.0078125 0 0.847656 0.015625 
0.0078125 0 0.0742188 0.00390625 0 0.00390625 0.00390625 0 0.886719 0.0195312 
0.00390625 0 0.0234375 0.00390625 0.00390625 0 0.0078125 0 0.953125 0.00390625 
0.0078125 0 0.0625 0.0273438 0.175781 0.0351562 0.078125 0 0.605469 0.0078125 
0.0078125 0 0.246094 0 0.015625 0 0.0390625 0 0.683594 0.00390625 
0.0078125 0 0.0703125 0.0078125 0.0390625 0.00390625 0.0078125 0 0.84375 0.015625 
0.00390625 0 0.0390625 0.00390625 0.046875 0.00390625 0.0078125 0 0.867188 0.0273438 
0.00390625 0 0.0351562 0.00390625 0.00390625 0.0078125 0.0117188 0 0.933594 0.00390625 
0.0195312 0 0.0546875 0.03125 0.0078125 0.0117188 0.0546875 0 0.8125 0.0078125 
0.00390625 0 0.0507812 0.0117188 0.015625 0 0.0117188 0 0.90625 0.00390625 
0.0078125 0 0.105469 0.0078125 0.0117188 0 0.0078125 0 0.835938 0.0195312 
0.0078125 0 0.0898438 0.0195312 0.00390625 0 0.0117188 0 0.855469 0.0078125 
0.015625 0 0.167969 0.0078125 0.0273438 0.00390625 0.0585938 0 0.707031 0.0078125 
0.00390625 0 0.0742188 0.015625 0.00390625 0.00390625 0.0117188 0 0.878906 0.0078125 
0.0078125 0 0.105469 0.0117188 0.015625 0 0.03125 0 0.828125 0 
0.015625 0 0.0585938 0.00390625 0.00390625 0.00390625 0.0390625 0 0.863281 0.0117188 
0.00390625 0 0.0117188 0 0.00390625 0 0.00390625 0 0.976562 0 
0.0195312 0 0.0507812 0.0507812 0.0273438 0.0234375 0.0507812 0 0.761719 0.0117188 
0.00390625 0 0.0390625 0.00390625 0.015625 0.00390625 0.015625 0 0.890625 0.0273438 
0.0078125 0 0.0273438 0.015625 0.03125 0.00390625 0.0273438 0 0.871094 0.015625 
0.046875 0 0.351562 0.0078125 0.0117188 0.00390625 0.03125 0 0.53125 0.0117188 
0.0078125 0 0.0585938 0.015625 0.015625 0.0078125 0.0390625 0 0.851562 0.0078125 
0.00390625 0 0.0898438 0 0.015625 0.00390625 0.015625 0 0.851562 0.0195312 
0.0078125 0 0.0351562 0.0117188 0.00390625 0.00390625 0.0195312 0 0.914062 0 
0.0117188 0 0.0898438 0.00390625 0.046875 0.0117188 0.132812 0 0.691406 0.0117188 
0.0078125 0 0.0351562 0.00390625 0.0195312 0.00390625 0.0078125 0 0.902344 0.0234375 
0.015625 0 0.0351562 0.0117188 0.0195312 0.0117188 0.0078125 0 0.894531 0.0078125 
0 0 0.0429688 0.0078125 0.015625 0 0.00390625 0 0.921875 0.00390625 
0 0 0.0429688 0.00390625 0.00390625 0.00390625 0.0078125 0 0.933594 0.00390625 
0.0078125 0 0.0585938 0 0.0195312 0.0078125 0.015625 0 0.859375 0.0273438 
0 0 0.109375 0.0078125 0.015625 0.00390625 0.015625 0 0.839844 0.00390625 
0 0 0.0625 0.00390625 0.0234375 0 0.0078125 0 0.902344 0 
0.0273438 0 0.171875 0.00390625 0.0195312 0.0078125 0.03125 0 0.71875 0.0234375 
0.00390625 0 0.0273438 0.0078125 0.0234375 0.0078125 0.0117188 0 0.898438 0.0234375 
0 0 0.0429688 0.00390625 0 0 0.00390625 0 0.941406 0.00390625 
0.00390625 0 0.0742188 0 0.0078125 0.00390625 0.0078125 0 0.890625 0.0078125 
0.00390625 0 0.0898438 0.00390625 0.0195312 0.0078125 0.0117188 0 0.859375 0.00390625 
0.0195312 0 0.167969 0.0195312 0 0.00390625 0.0742188 0 0.707031 0.0078125 
0.0078125 0 0.0234375 0.0078125 0.0117188 0.00390625 0.0273438 0 0.917969 0.0078125 
0.00390625 0 0.0195312 0.0078125 0.00390625 0.00390625 0.0078125 0 0.9375 0.0195312 
0 0 0.015625 0.0078125 0 0.00390625 0.0117188 0 0.960938 0 
0.00390625 0 0.125 0.0234375 0.00390625 0.00390625 0.015625 0 0.808594 0.0078125 
0.0078125 0 0.0585938 0.0117188 0.0078125 0.00390625 0.03125 0 0.84375 0.0390625 
0 0 0.0195312 0.00390625 0 0 0.00390625 0 0.96875 0.00390625 
0.00390625 0 0.0351562 0.00390625 0.0117188 0 0.0078125 0 0.933594 0.00390625 
0.0195312 0 0.09375 0.0234375 0.0117188 0.00390625 0.113281 0 0.726562 0.0078125 
0.00390625 0 0.230469 0.0351562 0.0117188 0.00390625 0.0664062 0 0.640625 0.0078125 
0.015625 0 0.0507812 0.0078125 0.015625 0.00390625 0.0117188 0 0.894531 0.00390625 
0.00390625 0 0.109375 0.0078125 0.00390625 0 0.03125 0 0.839844 0.00390625 
0 0 0.0742188 0.00390625 0 0.00390625 0.00390625 0 0.898438 0.0117188 
0.00390625 0 0.101562 0.0195312 0.0351562 0.00390625 0.0117188 0 0.792969 0.03125 
0.00390625 0 0.152344 0.00390625 0.0078125 0.00390625 0.0234375 0 0.792969 0.0078125 
0 0 0.0273438 0 0 0 0.00390625 0 0.964844 0 
0 0 0.0625 0.0078125 0.00390625 0.0117188 0.0117188 0 0.898438 0.00390625 
0.00390625 0 0.0195312 0 0.00390625 0 0.0078125 0 0.960938 0.00390625 
0.015625 0 0.0742188 0.00390625 0.0898438 0.03125 0.0507812 0 0.714844 0.015625 
0.0117188 0 0.0234375 0.03125 0.0078125 0.0117188 0.0234375 0 0.882812 0.0078125 
0.0078125 0 0.0429688 0.00390625 0.0078125 0 0.0078125 0 0.925781 0.00390625 
0.00390625 0 0.0507812 0.00390625 0.0234375 0 0.0195312 0 0.898438 0.00390625 
0.00390625 0 0.0742188 0.0078125 0.00390625 0.0078125 0.0234375 0 0.878906 0.00390625 
0.0117188 0 0.144531 0.0195312 0.0273438 0.0078125 0.0273438 0 0.746094 0.015625 
0.00390625 0 0.0625 0.00390625 0.00390625 0.00390625 0.015625 0 0.898438 0.0078125 
0.00390625 0 0.0117188 0 0.00390625 0.00390625 0.00390625 0 0.953125 0.0195312 
0 0 0.015625 0 0 0 0.0078125 0 0.972656 0 
0.00390625 0 0.125 0.0234375 0.00390625 0.00390625 0.0234375 0 0.804688 0.00390625 
0.03125 0 0.171875 0.0195312 0.00390625 0.00390625 0.0390625 0 0.722656 0.0078125 
0.00390625 0 0.0859375 0.00390625 0.0546875 0.0078125 0.015625 0 0.816406 0.0117188 
0.0078125 0 0.0664062 0.03125 0.0195312 0.00390625 0.0195312 0 0.804688 0.046875 
0.0585938 0 0.0390625 0.0078125 0.0742188 0.00390625 0.0898438 0 0.707031 0.015625 
0.00390625 0 0.0703125 0.00390625 0.0273438 0.00390625 0.0390625 0 0.851562 0.00390625 
0.0195312 0 0.0234375 0.0078125 0.0078125 0.0234375 0.0234375 0 0.882812 0.0195312 
0.0234375 0 0.230469 0.03125 0.0117188 0.00390625 0.0351562 0 0.644531 0.0195312 
0.015625 0 0.164062 0.046875 0.03125 0.0195312 0.0195312 0 0.691406 0.0078125 
0.00390625 0 0.144531 0.0234375 0.0429688 0 0.0351562 0 0.75 0 
0.015625 0 0.03125 0.0273438 0.00390625 0.00390625 0.0390625 0 0.863281 0.015625 
0 0 0.0429688 0.00390625 0.0117188 0 0.0078125 0 0.929688 0 
0.00390625 0 0.0429688 0.0117188 0.015625 0 0.0234375 0 0.90625 0 
0.00390625 0 0.0390625 0.0195312 0.0117188 0.0117188 0.0195312 0 0.890625 0.00390625 
0 0 0.101562 0.00390625 0.0546875 0.00390625 0.0117188 0 0.808594 0.0078125 
0.00390625 0 0.0234375 0 0.00390625 0 0.0117188 0 0.945312 0.0078125 
0.00390625 0 0.0390625 0.00390625 0.0390625 0.0078125 0.03125 0 0.871094 0.00390625 
0 0 0.0351562 0.0117188 0.0117188 0.00390625 0.0234375 0 0.90625 0.0117188 
0.0078125 0 0.0234375 0.00390625 0.0273438 0.0078125 0.0234375 0 0.910156 0 
0 0 0.0898438 0.03125 0.00390625 0.00390625 0.0117188 0 0.859375 0 
0.0078125 0 0.0273438 0.00390625 0.00390625 0.015625 0.0351562 0 0.902344 0.0078125 
0.0117188 0 0.125 0.0078125 0.00390625 0.00390625 0.03125 0 0.796875 0.0195312 
0.0429688 0 0.175781 0.0273438 0.0351562 0.0117188 0.0273438 0 0.605469 0.078125 
0.00390625 0 0.0859375 0.0195312 0.0390625 0.0117188 0.015625 0 0.824219 0.00390625 
0.00390625 0 0.152344 0.0234375 0.00390625 0 0.0117188 0 0.792969 0.015625 
0.00390625 0 0.0898438 0.00390625 0.00390625 0 0.015625 0 0.878906 0.00390625 
0.0078125 0 0.175781 0.0078125 0.00390625 0.0078125 0.0273438 0 0.746094 0.0234375 
0.0078125 0 0.0898438 0.0078125 0.015625 0.0117188 0.0078125 0 0.855469 0.00390625 
0.0234375 0 0.234375 0.015625 0.015625 0.00390625 0.046875 0 0.65625 0.00390625 
0.015625 0 0.0859375 0.015625 0.0078125 0.00390625 0.015625 0 0.828125 0.0195312 
0.0117188 0 0.105469 0 0.0078125 0.0078125 0.0195312 0 0.835938 0.00390625 
0.0078125 0 0.03125 0.0078125 0.0195312 0.0195312 0.03125 0 0.878906 0.0078125 
0.0117188 0 0.03125 0.00390625 0.0195312 0.00390625 0.046875 0 0.863281 0.015625 
0 0 0.0234375 0.015625 0.00390625 0.0078125 0.0273438 0 0.917969 0.00390625 
0.00390625 0 0.0234375 0.00390625 0.0117188 0.0078125 0.0078125 0 0.941406 0.00390625 
0.0078125 0 0.09375 0.015625 0.0507812 0.0117188 0.0625 0 0.746094 0.0078125 
0 0 0.0429688 0.00390625 0.00390625 0.00390625 0.0078125 0 0.9375 0.00390625 
0.0117188 0 0.046875 0.0117188 0.0195312 0.0078125 0.0234375 0 0.820312 0.0546875 
0.0117188 0 0.015625 0.015625 0.00390625 0.0117188 0.0351562 0 0.90625 0.0078125 
0.00390625 0 0.0351562 0.0117188 0.00390625 0 0.00390625 0 0.929688 0.0117188 
0.0195312 0 0.132812 0.015625 0.0078125 0.015625 0.0859375 0 0.683594 0.0390625 
0.0078125 0 0.125 0.0117188 0.0117188 0.0117188 0.0117188 0 0.804688 0.0117188 
0.0117188 0 0.359375 0.015625 0.046875 0.00390625 0.015625 0 0.539062 0.00390625 
0.00390625 0 0.015625 0.0078125 0.00390625 0.0117188 0.00390625 0 0.894531 0.0625 
0.00390625 0 0.0429688 0.00390625 0.00390625 0.00390625 0.00390625 0 0.925781 0.015625 
0.0117188 0 0.0273438 0.0078125 0.0078125 0.00390625 0.0351562 0 0.898438 0.0078125 
0.0078125 0 0.0585938 0.0117188 0.0078125 0.00390625 0.0585938 0 0.847656 0.00390625 
0.00390625 0 0.0195312 0.0195312 0.0195312 0.0390625 0.0078125 0 0.871094 0.0117188 
0 0 0.03125 0.0078125 0.0195312 0.00390625 0.0273438 0 0.882812 0.0273438 
0.00390625 0 0.03125 0.00390625 0.0195312 0.0078125 0.0273438 0 0.890625 0.015625 
0.0234375 0 0.148438 0.0078125 0.0195312 0.0078125 0.0117188 0 0.761719 0.0234375 
0.00390625 0 0.0234375 0 0 0 0.00390625 0 0.960938 0.0078125 
0.0078125 0 0.0078125 0.00390625 0.0117188 0.00390625 0.0078125 0 0.957031 0.00390625 
0.015625 0 0.0859375 0.00390625 0.015625 0.0078125 0.0390625 0 0.828125 0.00390625 
0.0078125 0 0.0585938 0.0078125 0.03125 0.00390625 0.0273438 0 0.859375 0.00390625 
0.00390625 0 0.167969 0.0585938 0.00390625 0.00390625 0.015625 0 0.707031 0.0390625 
0 0 0.0078125 0 0 0 0 0 0.988281 0 
0.00390625 0 0.0078125 0.00390625 0.00390625 0.0117188 0.0195312 0 0.945312 0.00390625 
0.0117188 0 0.03125 0.0234375 0.0078125 0.0234375 0.015625 0 0.875 0.0117188 
0 0 0.00390625 0.00390625 0.00390625 0.00390625 0.0117188 0 0.960938 0.0078125 
0 0 0.15625 0.00390625 0.0195312 0 0.00390625 0 0.808594 0.00390625 
0.00390625 0 0.0273438 0 0.00390625 0 0.00390625 0 0.953125 0.00390625 
0.00390625 0 0.015625 0.00390625 0.00390625 0.00390625 0.015625 0 0.953125 0.00390625 
0.00390625 0 0.0273438 0.0078125 0.0078125 0.00390625 0.0195312 0 0.925781 0 
0.00390625 0 0.0898438 0.0078125 0.0078125 0.0117188 0.015625 0 0.847656 0.015625 
0.0078125 0 0.0273438 0.0117188 0.00390625 0.00390625 0.0117188 0 0.929688 0.00390625 
0.00390625 0 0.0390625 0.0078125 0.0195312 0.0078125 0.0078125 0 0.886719 0.0273438 
0.0078125 0 0.128906 0.00390625 0.00390625 0.00390625 0.0117188 0 0.828125 0.0078125 
0.00390625 0 0.0273438 0.015625 0 0.0117188 0.015625 0 0.886719 0.0390625 
0.00390625 0 0.128906 0.0078125 0.015625 0.00390625 0.160156 0 0.675781 0.00390625 
0.00390625 0 0.0117188 0.0078125 0.00390625 0.015625 0.0117188 0 0.9375 0.0078125 
0.0117188 0 0.132812 0.0117188 0.0390625 0.0078125 0.0898438 0 0.691406 0.015625 
0.00390625 0 0.0585938 0 0.03125 0 0.0234375 0 0.875 0 
0 0 0.0195312 0.00390625 0.0117188 0.00390625 0.0117188 0 0.941406 0.00390625 
0.0117188 0 0.0820312 0.03125 0.0195312 0.0117188 0.0351562 0 0.796875 0.0078125 
0 0 0.0195312 0 0.00390625 0.00390625 0.00390625 0 0.964844 0.00390625 
0.00390625 0 0.0117188 0.00390625 0.015625 0.00390625 0.0117188 0 0.945312 0.00390625 
0.0195312 0 0.132812 0.0390625 0.015625 0.0273438 0.0585938 0 0.691406 0.015625 
0.0117188 0 0.0273438 0.0078125 0.0273438 0.0117188 0.015625 0 0.886719 0.015625 
0.0078125 0 0.0390625 0.0195312 0.0117188 0.00390625 0.0390625 0 0.855469 0.0195312 
0.0078125 0 0.0585938 0.0195312 0.0078125 0.00390625 0.0195312 0 0.878906 0.00390625 
0.00390625 0 0.0195312 0.00390625 0.0351562 0.0078125 0.0117188 0 0.917969 0 
0.00390625 0 0.0585938 0.0078125 0.0117188 0.0078125 0.0234375 0 0.832031 0.0585938 
0.00390625 0 0.0507812 0.00390625 0.00390625 0 0.0078125 0 0.925781 0.00390625 
0 0 0.109375 0.00390625 0.0195312 0 0.0078125 0 0.851562 0.0078125 
0.00390625 0 0.0078125 0.0195312 0.00390625 0 0.0078125 0 0.945312 0.0117188 
0.00390625 0 0.015625 0.00390625 0.00390625 0.00390625 0.0117188 0 0.957031 0.00390625 
0.0078125 0 0.121094 0.0117188 0.0273438 0.0078125 0.0273438 0 0.773438 0.0195312 
0.0195312 0 0.0664062 0.0195312 0.0351562 0.0117188 0.078125 0 0.765625 0.00390625 
0.00390625 0 0.0585938 0.0117188 0.0195312 0.0078125 0.015625 0 0.871094 0.0078125 
0.00390625 0 0.0234375 0 0.00390625 0.0078125 0.00390625 0 0.953125 0.00390625 
0.00390625 0 0.0898438 0.00390625 0.0273438 0 0.015625 0 0.851562 0.0078125 
0.00390625 0 0.152344 0.0117188 0.0117188 0.00390625 0.0273438 0 0.78125 0.0117188 
0.0078125 0 0.171875 0.03125 0.0390625 0.00390625 0.0195312 0 0.71875 0.0078125 
0.0078125 0.0078125 0.21875 0.0195312 0.0625 0.00390625 0.0507812 0 0.609375 0.0195312 
0.00390625 0 0.0625 0.0078125 0 0 0.0117188 0 0.910156 0.00390625 
0.00390625 0 0.0703125 0.0390625 0.015625 0.0078125 0.0078125 0 0.839844 0.015625 
0.00390625 0 0.0507812 0.00390625 0.0078125 0.0078125 0.015625 0 0.902344 0.0078125 
0.0078125 0 0.0507812 0.015625 0.00390625 0.00390625 0.0117188 0 0.898438 0.0078125 
0.015625 0 0.0195312 0.0078125 0 0.0117188 0.03125 0 0.808594 0.101562 
0.0234375 0 0.101562 0.0234375 0.00390625 0.015625 0.0429688 0 0.785156 0.00390625 
0.0078125 0 0.0234375 0.00390625 0 0 0.015625 0 0.933594 0.0117188 
0 0 0.0351562 0.00390625 0.00390625 0.00390625 0.00390625 0 0.9375 0.0117188 
0 0 0.0273438 0.0078125 0.00390625 0.00390625 0.0117188 0 0.929688 0.0117188 
0.0234375 0 0.0820312 0.0117188 0.015625 0 0.0195312 0 0.804688 0.0351562 
0.0390625 0 0.160156 0.015625 0.0195312 0.0117188 0.0585938 0 0.671875 0.0234375 
0.0078125 0 0.0351562 0.00390625 0.0078125 0.0078125 0.0273438 0 0.894531 0.0195312 
0.00390625 0 0.0273438 0 0.00390625 0 0.0234375 0 0.925781 0.0117188 
0.0117188 0 0.0898438 0.00390625 0.00390625 0.00390625 0.0078125 0 0.871094 0.0078125 
0.0117188 0 0.0820312 0.0234375 0.0195312 0.0078125 0.03125 0 0.804688 0.0195312 
0.00390625 0 0.132812 0.00390625 0.0078125 0 0.015625 0 0.835938 0.00390625 
0.00390625 0 0.0429688 0.00390625 0.00390625 0.0078125 0.0117188 0 0.917969 0.0078125 
0.015625 0 0.046875 0.0078125 0.0273438 0.00390625 0.03125 0 0.847656 0.0195312 
0.0117188 0 0.148438 0.0195312 0.0117188 0.00390625 0.0117188 0 0.769531 0.0234375 
0.0195312 0 0.0429688 0.00390625 0.0976562 0.0195312 0.0351562 0.00390625 0.773438 0.00390625 
0.0351562 0 0.140625 0.0117188 0.0195312 0.0234375 0.0273438 0 0.738281 0.0078125 
0 0 0.0507812 0.0507812 0.00390625 0.00390625 0.0078125 0 0.878906 0.0078125 
0.0117188 0 0.0195312 0.0078125 0.0273438 0.015625 0.0585938 0 0.851562 0.0078125 
0 0 0.0117188 0.0078125 0.015625 0 0.00390625 0 0.957031 0.00390625 
0.0507812 0 0.078125 0.0078125 0.0117188 0.0078125 0.0273438 0 0.753906 0.0625 
0.00390625 0 0.109375 0.00390625 0.0078125 0 0.015625 0 0.851562 0.0078125 
0 0 0.105469 0.00390625 0.0117188 0.00390625 0.0390625 0 0.832031 0.00390625 
0.00390625 0 0.0742188 0.00390625 0.00390625 0.00390625 0.015625 0 0.886719 0.0078125 
0.00390625 0 0.328125 0.0117188 0.0195312 0.00390625 0.0234375 0 0.609375 0.0078125 
0.0078125 0 0.03125 0.0078125 0.03125 0.015625 0.0390625 0 0.855469 0.00390625 
0 0 0.0742188 0.0078125 0.0078125 0.0078125 0.0273438 0 0.867188 0.00390625 
0.00390625 0 0.144531 0.0234375 0.0351562 0.00390625 0.0234375 0 0.757812 0.00390625 
0.0234375 0 0.144531 0.0273438 0.0507812 0.015625 0.0976562 0 0.613281 0.0273438 
0.015625 0 0.0390625 0.0117188 0.0117188 0.0078125 0.0859375 0 0.824219 0.00390625 
0.0117188 0 0.195312 0.0117188 0.00390625 0.00390625 0.105469 0 0.671875 0 
0.0195312 0 0.0976562 0.0234375 0.0117188 0.0117188 0.0117188 0 0.75 0.078125 
0.0234375 0 0.0898438 0.0273438 0.015625 0.0273438 0.0898438 0 0.710938 0.0117188 
0.015625 0 0.0976562 0.0117188 0.0546875 0.0078125 0.0234375 0 0.777344 0.0117188 
0 0 0.0078125 0 0.00390625 0 0.00390625 0 0.960938 0.0195312 
0.0117188 0 0.0507812 0.00390625 0.00390625 0.00390625 0.015625 0 0.910156 0.00390625 
0 0 0.15625 0.00390625 0.0078125 0.0078125 0.015625 0 0.804688 0.00390625 
0.00390625 0 0.109375 0.0078125 0.00390625 0.00390625 0.0117188 0 0.847656 0.0117188 
0.00390625 0 0.0234375 0.0078125 0 0.00390625 0.0195312 0 0.914062 0.0273438 
0.0078125 0 0.261719 0.0078125 0.00390625 0.00390625 0.113281 0 0.589844 0.0078125 
0 0 0.0742188 0.0234375 0.00390625 0.00390625 0.015625 0 0.875 0.0078125 
0.0078125 0 0.0351562 0.00390625 0.0117188 0 0.00390625 0 0.933594 0.0078125 
0.00390625 0 0.0742188 0.0078125 0.015625 0.00390625 0.00390625 0 0.882812 0.0078125 
0.0195312 0 0.0585938 0.00390625 0.0078125 0.0117188 0.046875 0 0.835938 0.015625 
0 0 0.0742188 0.00390625 0.0273438 0.00390625 0.0078125 0 0.882812 0 
0.015625 0 0.0351562 0.03125 0.0664062 0.0117188 0.0117188 0 0.804688 0.0195312 
0.015625 0 0.0195312 0.00390625 0.0078125 0.00390625 0.0078125 0 0.9375 0.0078125 
0.00390625 0 0.0859375 0.00390625 0.03125 0.00390625 0.015625 0 0.835938 0.015625 
0.0117188 0 0.0507812 0 0.015625 0.00390625 0.0117188 0 0.894531 0.0078125 
0.0078125 0 0.0234375 0.0078125 0.0078125 0.00390625 0.0351562 0 0.902344 0.015625 
0.00390625 0 0.0429688 0.00390625 0.0078125 0.0078125 0.0195312 0 0.910156 0.00390625 
0 0 0.0234375 0 0 0 0.00390625 0 0.96875 0 
0.00390625 0 0.0742188 0.0195312 0 0 0.015625 0 0.882812 0.00390625 
0.00390625 0 0.0234375 0.015625 0.00390625 0.00390625 0.00390625 0 0.941406 0.00390625 
0.0078125 0 0.0429688 0.00390625 0.00390625 0.00390625 0.0117188 0 0.917969 0.0117188 
0.0117188 0 0.0625 0.0078125 0.015625 0 0.0078125 0 0.886719 0.0078125 
0.00390625 0 0.0859375 0.0117188 0.015625 0.0078125 0.0390625 0 0.832031 0.0078125 
0.00390625 0 0.0429688 0.00390625 0.00390625 0 0.00390625 0 0.941406 0 
0.0078125 0 0.0195312 0 0.00390625 0.00390625 0.0351562 0 0.914062 0.0195312 
0.015625 0.00390625 0.167969 0.0195312 0.03125 0.0078125 0.0195312 0.00390625 0.707031 0.0273438 
0.0078125 0 0.28125 0.0234375 0.0195312 0.00390625 0.0195312 0 0.640625 0.00390625 
0 0 0.0507812 0.00390625 0.0078125 0 0 0 0.925781 0.0078125 
0 0 0.0273438 0.0078125 0.0117188 0.0078125 0.0117188 0 0.925781 0.00390625 
0.0078125 0 0.0429688 0.0078125 0.00390625 0.0078125 0.0234375 0 0.902344 0.00390625 
0.0078125 0 0.0703125 0.00390625 0.015625 0.0078125 0.0390625 0 0.847656 0.0078125 
0.015625 0 0.148438 0 0.015625 0.00390625 0.0234375 0 0.777344 0.0078125 
0 0 0.0429688 0.015625 0.00390625 0 0.0117188 0 0.925781 0 
0.0078125 0 0.0742188 0.0117188 0.0078125 0.0078125 0.0195312 0 0.859375 0.0117188 
0.00390625 0 0.0273438 0.0117188 0.015625 0.0078125 0.0195312 0 0.90625 0.0117188 
0.00390625 0 0.0195312 0 0.00390625 0 0.0078125 0 0.960938 0.00390625 
0.0234375 0 0.171875 0.015625 0.0625 0.0351562 0.09375 0 0.59375 0.0078125 
0.015625 0 0.0585938 0.015625 0.015625 0.00390625 0.0195312 0 0.867188 0 
0.0195312 0 0.121094 0.00390625 0.015625 0.0078125 0.0664062 0 0.761719 0.0078125 
0.0117188 0 0.148438 0.00390625 0.0195312 0.00390625 0.0429688 0 0.769531 0.00390625 
0.0078125 0 0.109375 0.0117188 0 0 0.015625 0 0.851562 0.00390625 
0 0 0.0078125 0.0078125 0.00390625 0.00390625 0.0078125 0 0.96875 0.00390625 
0.00390625 0 0.0976562 0.0273438 0.0195312 0.0195312 0.0351562 0 0.757812 0.0429688 
0.00390625 0 0.0859375 0.0273438 0.0117188 0.00390625 0.0195312 0 0.84375 0 
0.0117188 0 0.105469 0.0117188 0.0234375 0 0.0078125 0 0.824219 0.0117188 
0 0 0.0078125 0.00390625 0.00390625 0 0.00390625 0 0.972656 0.00390625 
0.0078125 0 0.246094 0.0117188 0.015625 0.00390625 0.015625 0 0.691406 0.00390625 
0.00390625 0 0.128906 0.0117188 0.00390625 0.00390625 0.0195312 0 0.824219 0.00390625 
0.00390625 0 0.15625 0.00390625 0.00390625 0 0.0078125 0 0.816406 0.00390625 
0.00390625 0 0.0273438 0.0078125 0.00390625 0.00390625 0.00390625 0 0.941406 0.00390625 
0 0 0.0195312 0.00390625 0 0.0078125 0.0078125 0 0.953125 0.00390625 
0.00390625 0 0.0273438 0.00390625 0.0078125 0.00390625 0.00390625 0 0.9375 0.00390625 
0.00390625 0 0.0859375 0.00390625 0.0234375 0.00390625 0.0546875 0 0.816406 0.00390625 
0.0273438 0 0.148438 0.00390625 0.00390625 0.0078125 0.0234375 0 0.773438 0.0078125 
0.00390625 0 0.0507812 0.00390625 0.0195312 0.00390625 0.0195312 0 0.898438 0.00390625 
0.00390625 0 0.0117188 0.00390625 0 0.00390625 0.0117188 0 0.960938 0.00390625 
0.0078125 0 0.144531 0.0117188 0.00390625 0.00390625 0.0625 0 0.75 0.0117188 
0.00390625 0 0.0898438 0.0078125 0.00390625 0 0.015625 0 0.871094 0.00390625 
0.015625 0 0.046875 0.03125 0.00390625 0.0078125 0.0273438 0 0.859375 0.0078125 
0.00390625 0 0.0625 0.00390625 0.00390625 0.00390625 0.0195312 0 0.902344 0.00390625 
0.00390625 0 0.0507812 0.0078125 0.0117188 0.00390625 0.0078125 0 0.910156 0.0078125 
0.015625 0 0.0234375 0.00390625 0.148438 0.0078125 0.0234375 0 0.765625 0.015625 
0.015625 0 0.046875 0.00390625 0.00390625 0.0078125 0.0859375 0 0.824219 0.0117188 
0.0195312 0.00390625 0.109375 0.015625 0.0742188 0.015625 0.0390625 0 0.707031 0.015625 
0.00390625 0 0.0703125 0.03125 0.03125 0.00390625 0.0234375 0.00390625 0.828125 0.00390625 
0 0 0.0625 0.0117188 0.0234375 0 0.0078125 0 0.878906 0.0117188 
0 0 0.21875 0.0234375 0 0 0.00390625 0 0.753906 0 
0 0 0.0507812 0 0.0117188 0 0.015625 0 0.914062 0.00390625 
0.0078125 0 0.128906 0.0078125 0.0117188 0.00390625 0.0117188 0 0.816406 0.0117188 
0.0078125 0 0.0390625 0.00390625 0.0195312 0.00390625 0.0117188 0 0.898438 0.015625 
0.0117188 0 0.03125 0.0117188 0.0078125 0.00390625 0.0273438 0 0.890625 0.0117188 
0.0078125 0 0.0429688 0.00390625 0.015625 0.0078125 0.0078125 0 0.90625 0.0117188 
0 0 0.0234375 0 0 0.00390625 0.0117188 0 0.957031 0.00390625 
0.0078125 0 0.0898438 0.0117188 0.00390625 0 0.0117188 0 0.863281 0.0078125 
0.0078125 0 0.0507812 0.00390625 0.0078125 0.00390625 0.0117188 0 0.90625 0.0078125 
0.00390625 0 0.0273438 0 0.00390625 0 0.0078125 0 0.957031 0 
0 0 0.015625 0.00390625 0.00390625 0.00390625 0.0078125 0 0.964844 0 
0.03125 0 0.113281 0.0234375 0.0078125 0.0078125 0.03125 0 0.722656 0.0625 
0.00390625 0 0.0351562 0.0078125 0.00390625 0.00390625 0.015625 0 0.921875 0.0078125 
0.00390625 0 0.0507812 0.0117188 0.0078125 0 0.0078125 0 0.914062 0.00390625 
0.0078125 0 0.0585938 0.015625 0.00390625 0.0078125 0.03125 0 0.867188 0.0117188 
0.0078125 0 0.0507812 0.0078125 0.015625 0.0078125 0.0117188 0 0.871094 0.0273438 
0.00390625 0 0.0273438 0.0078125 0 0.0078125 0.0351562 0 0.910156 0.0078125 
0.00390625 0 0.0429688 0.00390625 0.0078125 0 0.0117188 0 0.925781 0.0078125 
0 0 0.0351562 0.0195312 0.0078125 0.00390625 0.0195312 0 0.917969 0 
0.0585938 0 0.0585938 0.0117188 0.0390625 0.0117188 0.0390625 0 0.703125 0.0742188 
0 0 0.03125 0.0117188 0.0234375 0.00390625 0.03125 0 0.886719 0.0078125 
0.0078125 0 0.304688 0.0703125 0.03125 0 0.015625 0 0.5625 0.0078125 
0.00390625 0 0.0429688 0.00390625 0.0078125 0.00390625 0.00390625 0 0.925781 0.0117188 
0.0195312 0 0.105469 0.03125 0.0117188 0.0234375 0.0390625 0.0078125 0.671875 0.0859375 
0.0117188 0 0.0703125 0.0117188 0.0117188 0.015625 0.0703125 0 0.808594 0 
0.00390625 0 0.0507812 0.0078125 0 0.00390625 0.0117188 0 0.90625 0.0117188 
0.0078125 0 0.046875 0.015625 0.015625 0.0117188 0.03125 0 0.863281 0.0078125 
0.0273438 0 0.113281 0.03125 0.03125 0.0078125 0.0390625 0 0.722656 0.0234375 
0.00390625 0 0.046875 0.046875 0.0234375 0.0195312 0.046875 0 0.804688 0.0117188 
0.00390625 0 0.0234375 0.0078125 0.015625 0.00390625 0.00390625 0 0.921875 0.0195312 
0.00390625 0 0.0273438 0.0078125 0.0117188 0.0117188 0.0195312 0 0.914062 0.00390625 
0.0117188 0 0.152344 0.0351562 0.0664062 0.0078125 0.0546875 0 0.648438 0.015625 
0.00390625 0 0.0585938 0.00390625 0.046875 0.00390625 0.015625 0 0.859375 0.0078125 
0 0 0.078125 0.00390625 0 0 0.0117188 0 0.902344 0 
0.0117188 0 0.171875 0.00390625 0.0195312 0.0078125 0.0351562 0 0.734375 0.0195312 
0.00390625 0 0.0273438 0.0078125 0.00390625 0.00390625 0.0234375 0 0.925781 0.0078125 
0.0078125 0 0.105469 0.00390625 0.0234375 0.00390625 0.0351562 0 0.8125 0.0078125 
0.0234375 0 0.121094 0.0117188 0.0117188 0.0078125 0.0351562 0 0.769531 0.0234375 
0.00390625 0 0.0234375 0 0.0195312 0 0.0117188 0 0.933594 0.00390625 
0 0 0.0507812 0 0.00390625 0 0.00390625 0 0.929688 0.00390625 
0.0078125 0 0.140625 0.0625 0.0195312 0 0.0390625 0 0.722656 0.0078125 
0.0078125 0 0.101562 0.0546875 0.00390625 0.00390625 0.015625 0 0.808594 0.00390625 
0.00390625 0 0.183594 0.0117188 0.0078125 0 0.0117188 0 0.777344 0.00390625 
0.00390625 0 0.128906 0.00390625 0.0234375 0.00390625 0.0117188 0 0.816406 0.00390625 
0.015625 0 0.0429688 0.0078125 0 0.0078125 0.0117188 0 0.910156 0.0117188 
0.0664062 0 0.28125 0.0273438 0.0195312 0.0117188 0.0546875 0 0.523438 0.015625 
0 0 0.015625 0.00390625 0.00390625 0 0.0078125 0 0.964844 0 
0 0 0.0507812 0.00390625 0.0078125 0.00390625 0.0195312 0 0.910156 0.00390625 
0 0 0.0898438 0.015625 0.00390625 0.00390625 0.0117188 0 0.871094 0 
0.0078125 0 0.0976562 0.0117188 0.0273438 0.0117188 0.0078125 0 0.769531 0.0664062 
0 0 0.0429688 0 0.00390625 0.00390625 0.0078125 0 0.933594 0.0078125 
0.00390625 0 0.0507812 0.00390625 0.0195312 0.00390625 0.015625 0 0.898438 0.00390625 
0.00390625 0 0.0742188 0.0078125 0.0078125 0 0.0195312 0 0.878906 0.0078125 
0.0078125 0 0.113281 0 0.00390625 0 0.00390625 0 0.871094 0 
0.0078125 0 0.242188 0.0078125 0.00390625 0.0078125 0.046875 0 0.675781 0.0078125 
0.00390625 0 0.046875 0.0078125 0.0195312 0.0078125 0.0585938 0 0.851562 0.00390625 
0 0 0.0507812 0.0117188 0.0078125 0 0.015625 0 0.90625 0.00390625 
0.00390625 0 0.0195312 0.0078125 0.00390625 0.00390625 0.015625 0 0.941406 0.0078125 
0 0 0.0234375 0.00390625 0.0234375 0.00390625 0.015625 0 0.910156 0.0234375 
0 0 0.0351562 0 0.0195312 0 0.015625 0 0.921875 0.00390625 
0.00390625 0 0.0273438 0.00390625 0.0078125 0 0.0078125 0 0.9375 0.0117188 
0.00390625 0 0.0117188 0 0.0117188 0.00390625 0.0117188 0 0.949219 0.0078125 
0.0351562 0 0.078125 0.0429688 0.0078125 0.0195312 0.0625 0 0.734375 0.0234375 
0.00390625 0 0.0351562 0.00390625 0.00390625 0 0.0117188 0 0.9375 0.00390625 
0 0 0.0273438 0.0195312 0.00390625 0 0.0078125 0 0.941406 0 
0.0195312 0 0.046875 0.0078125 0.0078125 0.0195312 0.0390625 0 0.855469 0.00390625 
0.00390625 0 0.0625 0.0078125 0.00390625 0.00390625 0.0273438 0 0.890625 0 
0.0117188 0 0.0390625 0.0117188 0.0078125 0.00390625 0.03125 0 0.878906 0.015625 
0.00390625 0 0.0585938 0.00390625 0.0117188 0.00390625 0.03125 0 0.871094 0.0117188 
0 0 0.0234375 0.0117188 0.0117188 0.00390625 0.0117188 0 0.941406 0 
0.00390625 0 0.0273438 0.0078125 0.00390625 0.00390625 0.0195312 0 0.925781 0.0078125 
0.00390625 0 0.0273438 0.015625 0.0078125 0 0.0234375 0 0.914062 0.0078125 
0.00390625 0 0.0195312 0.00390625 0.00390625 0 0.00390625 0 0.960938 0.00390625 
0.0078125 0 0.0429688 0.0078125 0.0078125 0.00390625 0.0195312 0 0.902344 0.0078125 
0.015625 0 0.0351562 0.0078125 0.015625 0.0078125 0.0195312 0 0.894531 0.0078125 
0.015625 0 0.0898438 0.0078125 0.0078125 0.00390625 0.015625 0 0.851562 0.00390625 
0.00390625 0 0.0078125 0.00390625 0.0078125 0.00390625 0.0351562 0 0.9375 0.00390625 
0.0429688 0 0.277344 0.0117188 0.00390625 0.0078125 0.121094 0 0.515625 0.0117188 
0.00390625 0 0.0234375 0.0078125 0.0078125 0 0.0117188 0 0.945312 0.00390625 
0.00390625 0 0.0117188 0.00390625 0.00390625 0.00390625 0.015625 0 0.957031 0.00390625 
0.00390625 0 0.0273438 0.00390625 0.0273438 0.00390625 0.0273438 0 0.898438 0.0078125 
0.015625 0 0.203125 0.0390625 0.0273438 0.00390625 0.015625 0 0.691406 0.0078125 
0.046875 0 0.0742188 0.015625 0.046875 0.015625 0.0742188 0.00390625 0.707031 0.0117188 
0.00390625 0 0.0429688 0 0.0234375 0.00390625 0.0078125 0 0.917969 0.00390625 
0 0 0.00390625 0.015625 0 0.0117188 0.00390625 0 0.964844 0 
0.0273438 0 0.078125 0.0195312 0.015625 0.0195312 0.078125 0 0.746094 0.0195312 
0.0234375 0 0.0703125 0.0234375 0.00390625 0.00390625 0.046875 0 0.8125 0.0117188 
0.00390625 0 0.0625 0.00390625 0 0.00390625 0.0195312 0 0.90625 0 
0.00390625 0 0.03125 0.00390625 0.03125 0.0117188 0.0273438 0 0.871094 0.015625 
0.0117188 0 0.101562 0.0351562 0.0078125 0.00390625 0.0429688 0 0.785156 0.0117188 
0.0117188 0 0.0898438 0.0078125 0.0117188 0.00390625 0.0078125 0 0.863281 0.0078125 
0.0078125 0 0.0390625 0.0078125 0.0234375 0.00390625 0.0273438 0 0.875 0.015625 
0 0 0.0625 0.00390625 0.0234375 0 0.0078125 0 0.890625 0.015625 
0.0117188 0 0.125 0.0117188 0.00390625 0.00390625 0.03125 0 0.804688 0.00390625 
0 0 0.0117188 0.00390625 0 0.00390625 0.0117188 0 0.964844 0.00390625 
0 0 0.0351562 0.0195312 0.015625 0.00390625 0.015625 0 0.910156 0.00390625 
0.0507812 0 0.136719 0.00390625 0.0078125 0.0117188 0.0507812 0 0.71875 0.0195312 
0.015625 0 0.144531 0.0429688 0.0234375 0 0.0195312 0 0.75 0.00390625 
0.0390625 0 0.0585938 0.00390625 0.0078125 0.0078125 0.015625 0 0.855469 0.0078125 
0.00390625 0 0.0585938 0.0078125 0.03125 0.00390625 0.0273438 0 0.863281 0.00390625 
0.00390625 0 0.0078125 0 0 0 0.00390625 0 0.964844 0.0117188 
0.0117188 0 0.148438 0.0195312 0.015625 0.00390625 0.0273438 0 0.769531 0.0078125 
0.00390625 0 0.0195312 0 0.00390625 0.00390625 0.00390625 0 0.953125 0.0078125 
0.0078125 0 0.0585938 0.015625 0.0273438 0.0078125 0.015625 0 0.867188 0.00390625 
0 0 0.015625 0.00390625 0.00390625 0.00390625 0.0078125 0 0.960938 0.0078125 
0.0117188 0 0.0703125 0.0195312 0.00390625 0 0.046875 0 0.816406 0.03125 
0.00390625 0 0.0625 0.0078125 0.0078125 0.00390625 0.0117188 0 0.902344 0.00390625 
0.00390625 0 0.0273438 0 0.00390625 0.00390625 0.00390625 0 0.953125 0.00390625 
0 0 0.0351562 0.015625 0.015625 0 0.0078125 0 0.910156 0.0195312 
0.0117188 0 0.046875 0.0117188 0.0078125 0.00390625 0.0195312 0 0.863281 0.03125 
0.00390625 0 0.261719 0.0195312 0.09375 0 0.0078125 0 0.59375 0.0234375 
0.015625 0 0.0703125 0.0117188 0.015625 0.0117188 0.0117188 0 0.8125 0.046875 
0 0 0.0585938 0 0.0703125 0 0.0195312 0 0.84375 0.00390625 
0.00390625 0 0.0351562 0.0078125 0 0.00390625 0.0117188 0 0.921875 0.015625 
0 0 0.0195312 0.00390625 0.0507812 0.00390625 0.0195312 0 0.902344 0.00390625 
0.0234375 0 0.179688 0.0195312 0.0117188 0.0117188 0.121094 0 0.625 0.0117188 
0 0 0.0625 0.0078125 0.0117188 0.00390625 0.0273438 0 0.886719 0 
0.0078125 0 0.0507812 0.015625 0.00390625 0.0117188 0.0234375 0 0.882812 0.0078125 
0.00390625 0 0.0742188 0.0078125 0.0117188 0.00390625 0.015625 0 0.875 0.0078125 
0.0078125 0 0.148438 0.0234375 0 0.00390625 0.0429688 0 0.769531 0.00390625 
0 0 0.0078125 0.00390625 0 0.00390625 0.0078125 0 0.96875 0.00390625 
0.015625 0 0.0507812 0.0078125 0.00390625 0.00390625 0.0117188 0 0.902344 0.0078125 
0.0117188 0 0.148438 0.00390625 0.0234375 0.0078125 0.0195312 0 0.769531 0.0117188 
0.00390625 0 0.128906 0.0078125 0.015625 0.0078125 0.0117188 0 0.824219 0.00390625 
0.0078125 0 0.0507812 0.0078125 0.0117188 0.00390625 0.03125 0 0.878906 0.0078125 
0.0078125 0 0.246094 0.03125 0.0078125 0 0.015625 0 0.6875 0.00390625 
0 0 0.015625 0.00390625 0.00390625 0 0.0078125 0 0.964844 0.00390625 
0.00390625 0 0.0195312 0 0 0.00390625 0.0078125 0 0.957031 0.00390625 
0 0 0.0234375 0 0.00390625 0.00390625 0 0 0.964844 0.00390625 
0.00390625 0 0.0273438 0.00390625 0.0273438 0.00390625 0.0117188 0 0.921875 0 
0.00390625 0 0.0234375 0.00390625 0.0234375 0.0078125 0.0195312 0 0.902344 0.0234375 
0.0078125 0 0.105469 0.015625 0 0.00390625 0.00390625 0 0.839844 0.0234375 
0.0078125 0 0.0585938 0.00390625 0.015625 0.00390625 0.0195312 0 0.863281 0.0195312 
0.00390625 0 0.0351562 0.00390625 0.00390625 0.00390625 0.0195312 0 0.921875 0.0117188 
0.00390625 0 0.0742188 0.00390625 0.015625 0 0.00390625 0 0.886719 0.0078125 
0.0078125 0 0.1875 0.00390625 0.00390625 0 0.0078125 0 0.785156 0 
0.00390625 0 0.0429688 0.00390625 0 0 0.0117188 0 0.925781 0.0117188 
0.03125 0 0.105469 0.00390625 0.015625 0 0.0117188 0 0.828125 0 
0.00390625 0 0.0195312 0.00390625 0.0078125 0.00390625 0.0078125 0 0.957031 0.00390625 
0.015625 0 0.207031 0.0195312 0.0195312 0.00390625 0.015625 0 0.707031 0.0117188 
0.0390625 0 0.0703125 0.0195312 0.00390625 0.0078125 0.0390625 0 0.8125 0.0078125 
0.00390625 0 0.0195312 0.00390625 0.0078125 0.00390625 0.0078125 0 0.949219 0.00390625 
0 0 0.015625 0.00390625 0 0 0.0078125 0 0.964844 0 
0.00390625 0 0.0585938 0.0195312 0.0078125 0.00390625 0.03125 0 0.847656 0.0273438 
0.0117188 0 0.0234375 0.0078125 0.0234375 0.0078125 0.0234375 0 0.894531 0.0078125 
0.00390625 0 0.0234375 0.00390625 0.00390625 0.0078125 0.015625 0 0.929688 0.0117188 
0.0117188 0 0.144531 0.0078125 0.00390625 0.0078125 0.0625 0 0.742188 0.0234375 
0.00390625 0 0.03125 0 0.0507812 0.00390625 0.0078125 0 0.890625 0.00390625 
0.0195312 0 0.140625 0.00390625 0.0351562 0.00390625 0.0507812 0 0.734375 0.0117188 
0.00390625 0 0.0429688 0.0117188 0.0078125 0.00390625 0.00390625 0 0.914062 0.015625 
0.0078125 0 0.171875 0.0234375 0.015625 0.00390625 0.0351562 0 0.726562 0.0195312 
0.015625 0 0.0390625 0.00390625 0.03125 0.03125 0.0195312 0 0.84375 0.015625 
0.0078125 0 0.0390625 0.0117188 0.0078125 0.0078125 0.0234375 0 0.890625 0.0078125 
0.0078125 0 0.0898438 0.0078125 0.0195312 0.00390625 0.0078125 0 0.855469 0.0078125 
0 0 0.0859375 0.0078125 0.0390625 0.00390625 0.0234375 0 0.835938 0.00390625 
0.0078125 0 0.101562 0.0429688 0.0078125 0.0078125 0.0273438 0 0.785156 0.015625 
0.0078125 0 0.0390625 0.00390625 0.0585938 0.0117188 0.015625 0 0.835938 0.03125 
0 0 0.132812 0.0078125 0 0 0.015625 0 0.839844 0 
0 0 0.0742188 0.015625 0 0 0.00390625 0 0.894531 0.00390625 
0.00390625 0 0.015625 0.00390625 0.0117188 0.00390625 0.0429688 0 0.914062 0.00390625 
0.00390625 0 0.105469 0.0078125 0.0078125 0.00390625 0.0390625 0 0.828125 0.00390625 
0.00390625 0 0.0078125 0.0078125 0.00390625 0 0.0078125 0 0.957031 0.0117188 
0.0117188 0 0.078125 0.0117188 0.078125 0.0234375 0.0429688 0 0.742188 0.015625 
0.0078125 0 0.0742188 0.00390625 0.0078125 0.00390625 0.0390625 0 0.863281 0.00390625 
0 0 0.0507812 0.0078125 0 0 0.0078125 0 0.925781 0 
0.00390625 0 0.03125 0.0195312 0.015625 0.0117188 0.0390625 0 0.863281 0.0117188 
0.0078125 0 0.0351562 0.0078125 0.0195312 0.00390625 0.0234375 0 0.902344 0.00390625 
0.0078125 0 0.128906 0.0117188 0.00390625 0.00390625 0.0117188 0 0.828125 0.0078125 
0 0 0.0195312 0 0.0117188 0 0.00390625 0 0.957031 0 
0.00390625 0 0.0390625 0.0195312 0.0078125 0.015625 0.0273438 0 0.878906 0.0078125 
0 0 0.0273438 0.00390625 0 0.0117188 0.0273438 0 0.921875 0.00390625 
0.00390625 0 0.0195312 0 0.015625 0 0.0078125 0 0.9375 0.015625 
0.0234375 0 0.03125 0.0195312 0.00390625 0.00390625 0.015625 0 0.886719 0.0195312 
0.0117188 0 0.0742188 0.00390625 0.015625 0 0.015625 0 0.871094 0.00390625 
0.0117188 0 0.101562 0.0273438 0.0078125 0.015625 0.0234375 0 0.785156 0.0234375 
0.00390625 0 0.0351562 0.00390625 0.0117188 0.00390625 0.0195312 0 0.914062 0.0117188 
0.00390625 0 0.0507812 0 0.0078125 0.00390625 0.0078125 0 0.921875 0.00390625 
0.015625 0 0.046875 0.015625 0.0195312 0.00390625 0.0273438 0 0.855469 0.015625 
0.0117188 0 0.0859375 0.0078125 0.0078125 0.00390625 0.0703125 0 0.808594 0.00390625 
0.015625 0 0.0351562 0.0117188 0.117188 0.0195312 0.0429688 0 0.738281 0.0273438 
0.00390625 0 0.15625 0.0117188 0 0 0.00390625 0 0.816406 0.00390625 
0 0 0.0117188 0.00390625 0 0 0.0078125 0 0.96875 0.00390625 
0.00390625 0 0.0742188 0.015625 0 0.0078125 0.015625 0 0.871094 0.00390625 
0.00390625 0 0.0859375 0.0546875 0.015625 0.00390625 0.0117188 0 0.8125 0.0117188 
0.0195312 0 0.101562 0.015625 0.015625 0.0078125 0.0195312 0 0.792969 0.0234375 
0.0078125 0 0.0859375 0.00390625 0.03125 0.00390625 0.0195312 0 0.84375 0.00390625 
0.00390625 0 0.0390625 0.0078125 0.0585938 0 0.0273438 0 0.855469 0.0078125 
0 0 0.0429688 0.00390625 0.0273438 0.00390625 0.0117188 0 0.90625 0.0078125 
0.00390625 0 0.15625 0.0117188 0 0 0.0078125 0 0.816406 0.00390625 
0.0078125 0 0.09375 0.0351562 0.0625 0.0117188 0.0429688 0 0.742188 0.00390625 
0.0390625 0 0.0859375 0.00390625 0.0117188 0.0078125 0.0117188 0 0.824219 0.015625 
0.0078125 0 0.0195312 0.0195312 0.0234375 0.0078125 0.015625 0 0.878906 0.03125 
0.0351562 0 0.0820312 0.015625 0.0429688 0.00390625 0.0273438 0 0.78125 0.0078125 
0.0234375 0 0.046875 0.015625 0.0546875 0.0078125 0.03125 0 0.808594 0.0078125 
0.00390625 0 0.0273438 0 0.0078125 0.00390625 0.0117188 0 0.929688 0.0117188 
0.0078125 0 0.0585938 0.015625 0.03125 0.00390625 0.0195312 0 0.859375 0.0078125 
0.0195312 0 0.289062 0.0117188 0.101562 0.0078125 0.03125 0 0.535156 0 
0 0 0.0625 0.00390625 0.0078125 0 0.0117188 0 0.914062 0 
0.015625 0 0.105469 0.0234375 0.015625 0.00390625 0.00390625 0 0.816406 0.0117188 
0.00390625 0 0.0351562 0.00390625 0.00390625 0 0.00390625 0 0.933594 0.0117188 
0.0117188 0 0.132812 0.0078125 0.0234375 0.00390625 0.132812 0 0.683594 0.0078125 
0.0078125 0 0.015625 0.0078125 0.015625 0.0195312 0.0390625 0 0.890625 0.0078125 
0.00390625 0 0.0585938 0.0117188 0.0078125 0.00390625 0.0273438 0 0.867188 0.015625 
0.0195312 0 0.015625 0 0.00390625 0.00390625 0.0195312 0 0.929688 0.00390625 
0.0117188 0 0.203125 0.0078125 0.015625 0.0117188 0.046875 0 0.699219 0.00390625 
0 0 0.101562 0.0195312 0.015625 0 0.046875 0 0.804688 0.0078125 
0.00390625 0 0.0585938 0.0078125 0.0078125 0.0078125 0.03125 0 0.875 0.00390625 
0.00390625 0 0.015625 0 0.0117188 0.0078125 0.0078125 0 0.929688 0.0234375 
0 0 0.0898438 0.00390625 0.00390625 0.0078125 0.0078125 0 0.882812 0.00390625 
0.00390625 0 0.0546875 0.015625 0.0351562 0.0234375 0.0234375 0 0.808594 0.03125 
0.00390625 0 0.0742188 0.00390625 0 0 0.0078125 0 0.898438 0.0078125 
0.0078125 0 0.03125 0.015625 0.0078125 0.0195312 0.0390625 0 0.867188 0.0117188 
0 0 0.0507812 0.00390625 0.0078125 0.00390625 0.0078125 0 0.921875 0.00390625 
0.0078125 0 0.0351562 0.0078125 0.00390625 0.00390625 0.0273438 0 0.910156 0.0078125 
0.00390625 0 0.0429688 0.00390625 0.0078125 0.0117188 0.0078125 0 0.921875 0.00390625 
0 0 0.0234375 0.00390625 0.0234375 0.00390625 0.00390625 0 0.925781 0.015625 
0.0078125 0 0.0234375 0.015625 0.0195312 0.0117188 0.0117188 0 0.886719 0.0273438 
0.00390625 0 0.160156 0.0703125 0.0195312 0.00390625 0.046875 0 0.675781 0.015625 
0.0078125 0 0.0664062 0.0117188 0.0117188 0.00390625 0.0820312 0 0.804688 0.0078125 
0 0 0.0429688 0.0117188 0.00390625 0 0.0234375 0 0.914062 0.00390625 
0.0234375 0 0.078125 0.0117188 0.0507812 0.0234375 0.0273438 0 0.738281 0.0507812 
0.0078125 0 0.0507812 0.00390625 0.0117188 0.00390625 0.03125 0 0.886719 0.00390625 
0.00390625 0 0.0429688 0.00390625 0.0117188 0 0.00390625 0 0.925781 0.0078125 
0.0078125 0 0.0390625 0.0117188 0.0078125 0 0.0390625 0 0.882812 0.0078125 
0 0 0.0351562 0.00390625 0.0117188 0.00390625 0.00390625 0 0.933594 0.0117188 
0 0 0.15625 0.015625 0.0117188 0.00390625 0.00390625 0 0.804688 0.00390625 
0.0234375 0 0.148438 0.00390625 0.226562 0.0117188 0.0429688 0 0.511719 0.0273438 
0.00390625 0 0.0117188 0.00390625 0.00390625 0.00390625 0.0234375 0 0.949219 0.00390625 
0.0078125 0 0.105469 0.00390625 0.0195312 0.00390625 0.0117188 0 0.835938 0.0078125 
0.0078125 0 0.0390625 0.0585938 0.015625 0.00390625 0.0078125 0 0.859375 0.0078125 
0 0 0.0234375 0 0 0 0.00390625 0 0.960938 0.00390625 
0.015625 0 0.0664062 0.0078125 0.0351562 0.0117188 0.0117188 0 0.785156 0.0664062 
0.00390625 0 0.0703125 0.00390625 0.0546875 0 0.0390625 0 0.820312 0.0078125 
0.00390625 0 0.0703125 0.03125 0.015625 0.00390625 0.015625 0 0.851562 0.0078125 
0.00390625 0 0.0429688 0.00390625 0.0117188 0.00390625 0.015625 0 0.910156 0.0078125 
0.00390625 0 0.0429688 0.015625 0.00390625 0.00390625 0.0078125 0 0.90625 0.0195312 
0.00390625 0 0.0273438 0.00390625 0 0 0.00390625 0 0.945312 0.0117188 
0.00390625 0 0.0351562 0.0117188 0.00390625 0.00390625 0.015625 0 0.910156 0.0195312 
0.00390625 0 0.0429688 0 0.0195312 0.00390625 0.0117188 0 0.90625 0.0078125 
0.0117188 0 0.0546875 0.0546875 0.03125 0.00390625 0.0429688 0.00390625 0.789062 0.0078125 
0.0078125 0 0.0585938 0.0117188 0.0078125 0.0078125 0.015625 0 0.863281 0.0195312 
